3583 3890
3186 3583
3583 3924
2234 3583
3188 3583
3262 3583
3171 3583
2140 3583
241 3583
2852 3583
1167 3583
2809 3583
3583 3618
956 3583
3170 3583
250 3583
2557 3583
1125 3583
409 3583
987 3583
969 3583
554 3583
1702 3583
3121 3583
950 3583
3583 3609
3583 3778
1408 3583
2000 3583
2075 3583
2091 3583
2885 3583
3220 3583
1555 3583
1000 3583
3583 3731
3042 3583
16 3583
2346 3583
2448 3583
3583 3635
1071 3583
428 2966
2525 3583
1287 2526
982 3583
3045 3583
2000 2435
3731 3751
768 3583
2514 3583
2044 3583
967 2687
834 1178
2224 2416
880 2776
22 2232
2600 3583
1623 3459
303 2635
2301 3355
493 2811
874 3221
474 982
1654 3045
145 3583
894 2448
656 3925
1192 2873
243 574
2220 3136
3414 3978
1476 3175
3211 3635
1036 3262
768 1098
2226 2885
155 2448
588 3262
2385 3121
987 3976
16 93
2210 3262
1123 1167
1015 1555
313 987
2257 2893
781 3188
3262 3604
1555 1830
3778 3931
847 3609
146 2600
2435 3777
303 3186
3053 3715
200 3590
2372 2491
526 3978
1235 1737
731 3188
3220 3619
329 3045
1167 1451
2469 2551
2234 3117
241 1184
2097 3924
985 3618
238 573
1507 3978
1579 2435
987 3039
1423 3635
3721 3924
60 3262
2989 3045
3188 3955
215 2346
1043 3175
1933 2600
2809 3373
815 2852
2596 3171
145 2657
2044 3057
1632 3121
2001 3635
2966 3869
3100 3121
1445 3188
479 3220
2448 3562
2701 3220
301 2557
2140 3980
241 430
1408 3989
1066 1702
145 1218
554 2892
2514 3351
2809 3773
2448 3982
3175 3583
459 3255
513 3618
1188 1192
2525 3146
2852 3614
1345 1702
3121 3265
363 2435
1408 2199
250 2505
241 698
604 3053
2687 2966
2086 3924
3262 3847
982 2103
813 2514
145 3577
2234 2716
363 3691
241 607
2409 3220
1125 3655
1192 2592
803 1957
982 1637
752 3778
241 1145
200 1725
931 3292
978 2660
1802 3978
3042 3802
1163 3292
1098 2533
1786 3618
250 2999
2188 2346
2448 2918
337 3621
838 3171
3164 3533
1957 2278
1702 2125
437 2044
985 3242
1000 3668
89 1125
145 1479
1459 3170
409 3964
2091 2868
3535 3579
2776 3262
2551 3265
2064 3609
1429 3292
107 1071
1167 3389
3188 3388
950 2630
1879 3978
2910 3924
145 2363
2075 2904
200 3128
1511 3635
1192 3583
663 3292
1257 2551
1273 2091
162 409
2747 3978
3045 3530
950 3294
554 3848
241 3793
982 1892
1907 3171
2077 2551
2684 2902
1788 3186
16 34
39 2809
2279 2448
941 1737
2626 2809
2198 3053
1152 2234
1813 3978
1768 2600
419 3924
1492 1555
1737 2912
3045 3271
3045 3337
540 2966
1408 3178
1171 3890
1702 2260
515 3053
71 2448
299 2852
1167 3971
2518 3170
2140 3002
832 2234
826 2234
1702 1824
711 2557
612 3978
3186 3204
1167 2515
3291 3474
1941 3045
3171 3536
409 619
2290 3379
1555 2252
1737 2022
128 1125
982 1220
2514 2810
3041 3292
863 2525
3734 3890
214 2140
152 2346
409 1117
145 634
896 2600
807 1167
200 985
987 3716
982 3822
1834 3890
2634 3924
978 2679
1514 3609
956 1315
2072 2885
956 1946
2003 3924
1125 1231
3103 3175
957 978
3262 3285
987 2475
3175 3615
1098 3737
950 1736
2676 3262
1957 3925
989 3045
2713 2809
1408 1491
1192 2659
3137 3171
1923 2422
768 2745
2133 2885
1496 3978
2346 3494
2075 3299
2448 3157
1071 2690
308 2514
1734 2557
1098 1947
206 3924
1028 2852
409 1356
2420 2852
5 3978
16 2899
1217 3170
2075 3699
269 1702
409 433
2514 2794
3018 3890
2502 3188
3053 3741
1828 2860
598 1957
200 859
956 2123
2140 2656
250 537
3408 3618
1555 3169
2557 3753
2075 3718
456 3609
950 1884
2508 3978
2901 3292
546 2234
16 3130
1946 2966
3456 3635
1172 3635
1000 2715
1071 2012
200 3978
1769 3188
2049 3262
16 3079
169 2966
924 2852
856 982
1509 3186
3186 3787
250 337
3216 3350
1258 2557
1038 3731
125 1167
1071 1527
1547 2435
1280 3188
2294 2852
241 1096
1489 2435
2963 3273
1000 2829
1475 3890
2525 3233
2044 2588
372 3262
221 3053
1125 2643
1408 2811
409 3617
3053 3592
544 2885
987 3656
1035 3262
1125 3200
956 3043
1751 3731
409 2391
768 3291
1555 2254
1053 3053
1260 2448
314 3292
1649 3635
2345 2448
1155 2140
1077 3188
3121 3953
427 1408
3433 3978
1071 3507
1071 3535
1649 3292
527 1167
2185 3171
1863 3262
229 1167
1340 3635
2140 2290
846 1167
1075 2346
987 2482
3053 3075
1125 1242
250 3506
1702 3014
969 2893
554 3786
1606 2346
2737 3121
1550 2346
311 2514
130 3170
1192 2459
956 962
1192 1873
1416 2551
1041 3262
3413 3691
3609 3923
768 2590
1555 2629
262 2601
227 1125
409 2771
2536 2852
1192 1623
1437 2551
538 950
984 3171
3045 3419
987 3488
488 3978
605 1957
1957 3583
1098 2168
16 3378
1125 2208
2000 2556
200 3928
1855 3053
556 768
1712 2091
527 3715
2219 3053
2557 2800
281 1737
3691 3719
2091 2312
1198 3121
3170 3278
978 3804
703 3924
2932 3691
2177 2966
2334 3053
2954 3691
145 1442
3292 3509
2979 3045
170 2346
3034 3808
800 1125
1494 3618
1737 3539
600 956
1470 3170
1192 2297
965 3731
505 3220
1115 3045
1192 1603
899 3042
1032 2809
248 1408
1085 2809
969 2644
1646 2809
1438 2234
284 1702
1192 1763
2346 3735
684 987
3045 3257
2803 2809
2122 2489
969 3162
1740 2885
3118 3691
1535 3731
250 618
16 3228
956 2882
2091 3449
2044 2778
1474 2234
19 1321
200 2955
200 1162
1191 2686
409 3571
2562 3121
2448 3046
1192 2945
2000 3115
2580 2809
3772 3978
902 1737
1927 3691
327 2448
2392 2435
992 3121
1098 1709
3300 3354
2161 2551
1411 3121
942 1555
217 2075
3188 3380
1000 3073
1551 3731
2525 3412
145 3743
3045 3097
200 2342
2075 2314
16 895
352 2777
3171 3411
1435 3635
613 3121
3635 3920
79 2435
3045 3247
687 2514
291 1702
3024 3170
274 2091
1737 3596
606 1071
3170 3261
554 1977
2305 2885
963 987
513 1902
1448 3609
250 3770
2022 2075
640 3053
1000 1703
978 2423
2234 2554
2091 3682
1842 3053
2203 2759
2643 2846
3731 3840
671 2234
145 435
51 767
978 984
270 987
2757 3609
1125 3269
51 2223
1903 2514
1780 3386
969 1544
16 2816
3175 3236
810 3262
3427 3978
1962 3188
2852 3332
2557 3781
2140 2381
718 3292
2712 3169
1167 3367
2514 3678
200 423
2528 3175
1664 2929
2107 3875
2852 3815
2433 3042
59 145
3171 3827
863 2450
820 3408
1531 1555
1167 3458
64 2514
115 1423
3176 3220
1480 3186
1195 1408
757 1192
795 1210
2514 2575
163 3691
2429 3171
850 3053
409 2610
1330 3924
2302 3635
622 1594
757 2965
1121 2284
1044 2378
1552 2448
2448 3418
249 1125
519 2091
2525 2526
145 3972
84 3837
2842 2885
3042 3922
1296 3242
345 832
3594 3980
1192 2944
3637 3904
1044 3757
2551 2754
1702 3877
1044 2182
115 1690
2778 3927
124 3291
777 2977
3045 3174
2012 2318
2462 3121
666 3292
1133 3562
190 1003
2208 3333
161 2508
2012 2685
216 3343
3016 3483
830 2234
181 1291
3358 3615
637 3423
1387 1555
2198 3966
523 3053
51 1105
606 1689
2012 3476
3734 3915
1266 3480
2851 3046
2450 2617
337 3515
954 982
1038 1065
806 812
776 1098
1067 1071
1823 3045
1918 3904
1295 1944
139 2965
2734 3388
1509 3386
243 956
1103 3726
2012 3480
1746 2234
964 2933
744 791
244 2398
1658 1907
121 2055
1003 1557
1314 2525
206 1353
1136 2515
1033 3617
215 2055
2018 3806
646 3149
274 2201
525 1037
133 2435
585 2965
763 1873
3043 3394
859 1291
977 3042
1192 2193
1418 2199
745 1817
906 3162
1210 1220
1125 2283
14 2221
137 1609
996 3621
1092 1464
2672 2966
2223 3845
3799 3889
1513 2346
716 1125
16 1498
241 1003
2602 3920
525 3377
145 1406
2904 3644
1590 2885
337 1288
2771 3854
2917 3394
341 3966
216 1235
2822 3920
1509 3199
2530 2691
587 847
237 1473
2221 2970
1077 3143
299 3887
14 1737
1992 3731
225 2460
3386 3472
1138 3184
423 2723
841 3924
2692 3399
1192 2953
1108 2967
1000 1227
1698 3618
525 2049
908 987
217 1307
2989 3830
982 2898
529 2396
608 1244
137 1533
1014 2342
1081 3121
2588 2711
1628 3890
1038 2727
2727 3496
922 3358
1098 2203
1229 2328
924 1918
95 512
200 3897
1071 3335
2018 2392
301 1622
656 2460
864 3457
2578 3978
1444 3483
3647 3731
954 2940
303 2324
3394 3913
706 3400
2477 3198
1845 3756
114 1732
200 1960
1071 3370
3170 3905
2424 2448
820 2212
1229 3295
2932 3227
637 2272
1108 3567
857 3446
306 580
1113 3887
1000 2770
1813 1980
3294 3779
1192 2997
701 3613
578 1037
2096 3618
2067 3095
1100 3220
2168 2820
812 2217
412 3740
2284 2910
2366 3546
1914 3514
2362 2557
2276 2448
653 1000
2012 3892
2852 2877
1441 2518
907 3412
1813 1898
356 1585
266 793
803 2141
640 2595
1408 3771
770 1551
568 3911
2142 2734
1710 2600
2021 3777
1859 2205
1823 3686
1326 2630
2514 2619
181 608
94 2691
1279 2928
1497 2002
61 2809
793 1042
29 3897
2675 3097
400 512
1816 3337
2997 3141
474 3139
802 1459
1350 2110
2734 3627
313 3302
173 3806
2768 3369
1092 2334
1277 1702
1846 3615
2477 3692
2495 3312
537 1776
1079 1918
801 2965
1551 3752
181 2224
1470 2169
2640 3668
437 508
1266 2162
216 436
337 3544
878 2217
816 1556
1569 3874
3046 3342
1015 2691
57 816
1183 2123
2497 3740
227 2068
281 3229
217 2218
225 3095
2976 3618
176 3927
373 2662
689 1144
1607 1911
1914 2928
544 1987
1641 3890
1652 3716
15 2965
2535 3678
115 628
2525 3889
1244 2110
104 2852
344 1578
2945 3431
461 1288
1813 2876
1223 3457
196 2595
864 2188
2733 2738
240 3594
1567 3295
1198 2522
904 2140
2064 3225
406 2977
2168 3585
962 3510
110 1751
244 1634
3232 3715
412 3623
3113 3691
3044 3232
659 1532
2213 2824
791 800
2703 3386
2716 3845
400 3686
711 1683
1470 3254
2348 2727
1234 2824
1835 3121
2429 2768
145 2684
2190 2371
466 2080
1239 3053
1752 3299
1467 2965
44 1509
20 1474
2067 2977
1606 3807
2207 2479
1450 2940
16 1598
2115 3779
1839 3337
176 2650
756 3175
2846 2985
678 2917
20 706
180 3261
243 1120
1571 2350
1205 3042
1957 1989
456 947
1198 3033
2140 3056
1813 2762
2837 3458
1551 2352
1324 3653
2144 2459
1315 2599
82 318
2503 3197
303 3060
22 785
139 1799
168 1423
519 1739
1569 1687
2270 2687
1557 3529
2369 2420
34 3120
1532 3214
637 2931
857 1356
243 1585
1365 2109
55 657
1008 1861
356 3385
196 2320
86 3510
690 1315
1376 1584
619 948
466 2362
529 3207
2002 2886
274 2581
1730 2102
217 659
1737 3850
587 2477
2589 2824
222 261
139 1843
340 3922
3 1339
1169 3045
2465 2966
477 3496
2600 3780
954 2436
244 3337
303 1525
420 1266
2092 3043
1778 1868
3100 3352
971 1474
950 3987
1138 2465
35 2102
1235 2048
2669 3184
1744 3261
883 1855
126 2106
2473 3188
855 3312
1952 3921
2033 3905
1612 3472
1724 3771
846 3344
1879 3138
1087 2362
141 992
374 3211
1584 3164
1268 3220
2355 3653
858 1423
3911 3954
1220 2993
1771 3454
3008 3525
1661 2886
2151 3917
706 3363
931 1679
166 373
3045 3190
2292 3121
116 978
180 974
2221 2577
606 2213
2044 2458
1867 3228
110 2442
950 2175
1103 1423
1240 2135
200 3857
1300 2090
1114 1816
669 1023
2272 3618
3017 3799
518 2416
959 3830
1799 3483
2137 2762
2457 2472
535 1585
1555 3011
817 1240
466 3630
887 2596
219 1036
711 2160
2080 2972
3203 3967
242 2852
489 1638
2809 3341
2772 3594
1239 1324
3348 3627
1296 1645
2654 3053
262 1408
954 2306
247 427
2481 3019
1537 1946
1842 3659
170 2924
2198 3390
670 2294
2522 3538
3194 3897
1578 2785
1344 1802
1639 3930
1315 2151
755 1558
818 2068
579 1444
1209 3389
2424 3961
489 3390
912 2528
2772 3654
3615 3880
716 2129
2313 3892
1614 2044
2159 2522
1008 1741
2219 3688
13 3262
2642 2842
1098 1592
1832 3574
1071 2009
1948 3787
1817 1881
3014 3321
1264 1599
1027 1687
855 1176
2702 3047
1485 1763
2428 3169
1048 3175
317 3467
1572 2224
1933 2928
1720 3389
858 939
1914 2121
529 2415
2209 2489
107 3939
2610 2730
566 1189
1592 2135
1724 1999
287 3731
2886 3793
1302 3091
1646 1738
1482 2224
2794 3374
1041 2472
695 2319
707 2778
130 3195
807 3570
2475 3330
2106 3415
306 3644
868 2499
3757 3841
1556 2768
5 318
550 1557
483 1861
566 1811
1224 1999
1092 3613
1531 2383
963 2539
1503 3937
200 3948
2234 3763
2593 2928
489 3164
1144 3537
351 2402
2127 3056
1850 3282
1596 2420
2495 3692
1102 1257
1178 2318
2575 3561
548 3609
2086 2130
1135 2424
269 2492
1531 2808
562 1263
61 755
1482 2456
93 2238
639 2417
3186 3464
57 3047
971 3305
2374 2600
2367 3471
649 2137
1637 1665
2000 2942
1116 3877
1860 3404
1324 2156
1737 2286
3343 3836
962 1091
2218 2919
275 2157
1205 3740
2223 3471
153 2644
1122 2810
418 2898
1473 3518
113 2110
543 3927
114 436
537 1771
3731 3912
229 576
904 2059
745 1293
419 862
1112 1684
97 3778
774 3117
1288 3102
1107 3119
869 1525
482 846
459 2719
1535 2259
2691 3825
1499 2328
522 3294
527 1599
184 1327
3229 3962
2328 2557
964 1309
2237 3378
2648 3488
2575 3008
1412 3376
1468 3157
1533 2096
283 795
385 841
962 3210
2191 3976
1309 2459
1415 1948
1122 3197
195 351
914 1028
3383 3510
257 3645
35 811
3645 3777
2935 3175
1302 3399
855 3207
806 3404
2682 3261
961 1327
2467 3796
694 2314
529 3252
749 1855
1737 3025
479 736
614 3056
1201 1544
2385 3568
116 279
104 2668
558 694
635 1720
189 1468
318 3355
554 1436
657 2566
572 1989
155 2264
166 2049
563 2410
189 211
616 3939
2560 2941
1446 2535
399 1850
2260 2582
2738 3925
2162 2833
2617 3145
1328 2423
298 1316
111 2776
2594 3386
681 3005
296 628
1036 3216
13 577
1218 2046
2371 3424
1273 3091
1902 3628
719 1416
332 2734
374 1887
72 1077
3414 3451
1229 1530
395 489
227 1571
794 2403
953 1742
1598 1797
340 627
2115 2408
2205 2783
2067 3119
7 2106
2984 3544
382 1025
669 2623
936 3292
1429 2666
986 3453
600 1394
2713 3279
98 2306
622 1258
460 1162
1554 2893
1009 2286
536 2287
835 3783
3801 3889
3020 3216
1517 3980
554 3005
1812 2243
365 3854
3 1183
55 1535
227 2401
33 1509
129 2477
669 1426
175 3102
555 808
606 1825
3171 3749
650 3830
641 1989
412 1730
2352 3559
894 1807
2066 2522
317 3332
1430 3358
3911 3927
1724 3730
2178 3262
3271 3841
1023 2313
746 857
170 3977
1010 2459
3229 3738
1556 3203
114 1332
1328 2948
821 1846
2952 3128
2077 3838
1948 3727
406 3758
100 1364
3121 3563
668 3828
25 998
185 3939
982 1534
1444 2585
924 944
2252 3054
1526 3149
1873 2732
646 1444
2076 2874
364 1526
20 590
72 3114
114 837
208 889
1300 2465
1295 3461
130 3744
96 733
1327 3457
1302 3050
1156 2732
848 1015
1327 3564
800 1997
791 2065
424 3585
3213 3847
1461 1475
298 2416
301 1412
1975 2140
298 1082
690 1460
125 2181
3302 3652
2402 3904
1271 3572
3014 3703
3444 3546
87 623
745 1889
134 3476
2767 3787
1646 3574
2109 2186
2190 2786
2972 3346
387 2655
1998 3120
793 1133
145 3173
398 3962
978 1334
54 1569
1006 3617
3395 3828
806 2222
1263 1300
2994 3386
192 2885
211 1473
368 3306
2924 3944
566 3919
1825 2366
1008 3476
2157 3758
1110 3376
757 1342
944 1660
2602 3747
2445 3138
1353 3218
1578 2009
3262 3783
876 3412
1409 3018
1075 3240
664 2904
1015 1428
2216 3332
299 695
1847 3242
2344 3120
2352 3498
438 1569
57 2471
2076 3157
386 1188
1482 3282
1997 2338
807 3790
2268 2596
1025 3257
575 2392
997 3053
894 1245
1335 2946
1258 2354
1244 2106
2727 3297
446 3214
955 3400
1626 3790
1916 3048
271 650
3045 3372
1315 1894
445 2946
3102 3513
400 2486
958 1513
120 2845
3246 3718
232 3319
208 1436
597 3740
1297 3057
314 1295
1905 2675
1415 2356
2875 3763
1474 3038
1389 3295
2994 3221
1415 2714
1883 3739
175 2073
346 1450
423 2085
1859 2525
1046 2747
332 3208
186 695
96 3033
101 3864
458 2203
3284 3329
1421 2369
2625 2682
2284 3111
173 1204
2715 2990
872 3423
1437 2027
2310 2886
1483 2324
2294 3863
2403 2944
514 2993
2300 3018
854 1655
3671 3797
1514 2552
191 2506
953 1724
943 1006
3453 3609
1663 2989
1973 3809
2188 2854
235 1295
1746 3205
284 2704
204 1873
2465 3012
2499 3673
520 1342
227 2718
1525 1881
2703 3981
406 3019
836 3483
2691 3401
3442 3901
2067 3658
1585 3061
3 3167
1826 3847
1006 1292
1639 3291
523 3874
218 3825
2277 3614
20 639
764 1947
982 1878
992 2209
12 684
653 2422
2026 2687
748 1450
521 1447
115 2606
423 2563
14 739
868 1579
2363 2883
791 2453
622 3754
15 3340
559 1751
312 1377
312 3233
1476 2769
22 2809
505 3406
592 2535
1439 2522
3501 3987
200 2134
2341 3458
913 982
953 2755
573 698
1304 2792
717 1171
316 3033
1476 2969
655 1046
1560 3006
64 473
79 3209
692 2168
1003 3438
843 2876
136 1296
2536 3739
2345 2896
479 2235
3243 3679
2688 3805
1712 2186
1317 2854
1231 2608
602 2466
1571 2031
120 3923
654 2928
2666 3708
812 3144
3506 3921
917 2776
1882 2317
1023 2967
812 3757
196 3809
1363 1554
1809 2563
1550 3328
1331 3964
815 3131
1335 3188
1433 2657
602 1997
1655 2481
2706 3103
969 973
1416 3542
302 1532
2697 2868
1770 2216
476 2824
519 531
1701 2798
3145 3511
460 3306
658 1155
3452 3559
3538 3903
1198 2611
755 2786
1144 3535
319 427
1198 3941
1683 2894
563 2403
1623 2317
2062 2518
1449 2912
1294 2846
182 200
1532 1916
248 1939
1283 3277
713 3573
682 2555
1383 2234
2020 2234
3737 3759
387 3956
2216 2726
1918 3277
272 3887
1476 1911
702 3758
895 3096
145 3329
1386 3352
1837 2682
3184 3296
104 1230
482 2036
1363 2204
2036 3573
1851 3913
271 1560
1288 2250
859 1149
3045 3319
721 1641
3489 3864
1004 3913
1266 2858
278 3570
634 3919
2723 2740
473 3766
3211 3810
2226 2426
2084 3562
580 2532
3050 3311
814 878
516 3408
3577 3681
1812 3810
241 2165
1172 2227
1528 3344
1803 2925
1038 1080
1028 1225
2349 3533
167 2593
279 3712
3307 3326
401 3972
1829 3113
2245 3646
863 3063
121 2742
1213 3976
644 689
1043 2591
1447 2580
1868 3326
1830 3888
688 3648
389 2925
683 2221
2337 3544
743 1873
1023 2818
389 3854
2465 3687
2872 3635
998 1224
2525 3675
840 1330
883 3646
855 3648
1112 3935
3373 3868
1808 2577
496 3048
16 1562
878 1538
620 2453
242 2652
205 622
2398 3059
1192 1684
907 1701
116 1095
1122 3354
683 3034
1304 2227
2105 2283
813 2287
1470 3281
2078 3418
3446 3910
466 2560
907 3934
222 2401
2534 3771
1995 2883
87 1826
3693 3770
1165 2110
2387 2784
82 3307
2140 3517
1592 2395
667 3868
1648 2317
1721 2020
1120 1355
211 380
2188 3327
438 1743
758 2185
626 904
2437 3171
2596 3901
1046 2173
2184 2460
205 2251
665 1941
613 732
3663 3741
699 3355
455 1416
2092 2728
682 2492
668 2318
918 2966
1271 3935
1145 1964
2333 2640
459 1964
1154 3594
1744 2609
721 2688
1276 1817
955 3700
1839 1880
191 2897
1191 2654
191 3041
1364 2530
2203 3956
1648 3679
1663 2388
1395 2812
1723 2952
1859 3142
1395 1955
517 2115
132 3529
2870 3910
1959 2383
1060 3091
453 2156
597 3013
2175 2698
33 1484
1498 2179
980 1499
421 2784
381 2455
292 2363
52 2276
2481 3671
3161 3954
1348 3141
2828 3921
2207 3386
483 2455
251 3799
51 2124
371 808
1968 3261
3262 3902
266 789
2693 3053
485 3188
2988 3442
811 2834
1626 2784
242 411
2151 3503
2655 3983
480 3753
2335 3294
808 2610
2695 3363
269 1871
377 906
1044 3832
778 1436
622 3676
109 2669
3386 3866
595 2656
174 2526
77 2606
2171 2904
1828 2141
1586 2999
286 1802
963 3108
2885 3489
665 3428
1097 1741
508 3166
474 3524
261 2183
915 2450
1741 1913
90 2462
1033 1659
3000 3386
1132 3167
1353 3468
1741 2192
217 1253
993 1044
297 622
1416 3856
228 3562
437 2176
1788 3182
2003 2812
2151 3519
2151 2447
2593 2616
1812 3713
2285 2318
455 2861
2977 3665
1323 2018
1741 2856
2127 2671
2967 3756
806 2729
110 1349
405 3294
167 1374
996 3882
1502 3096
57 441
3417 3915
3088 3780
2399 2580
1078 1266
1187 1846
2101 2596
2730 3527
783 2593
824 1008
3333 3824
437 796
751 803
1844 3343
1788 3586
1785 2466
2832 3138
107 3009
354 958
3211 3860
1048 3058
718 1070
401 2869
1931 3386
115 3696
1427 3806
729 1916
1817 2427
2398 3662
573 3522
1044 3230
184 2663
2928 3504
2332 2593
621 3514
1788 1827
1212 1484
1308 1423
1897 2630
1600 2322
2593 3068
11 1210
2931 3402
43 1741
1283 2981
625 1365
2699 3510
181 772
1266 3392
2268 2308
439 2221
1900 2268
540 2537
1131 1439
2645 3229
1603 2478
1664 3574
1074 2515
1319 1429
3386 3462
331 3623
137 3812
791 3550
1791 2190
1920 2630
1726 1902
113 3484
119 3488
734 3621
3032 3229
1634 1745
3333 3720
1065 2510
1557 2206
2552 2569
423 3986
1321 2747
967 3916
2526 2683
1052 1223
57 3534
1206 1918
2490 3333
190 1101
743 2194
1799 3439
525 1876
2008 2366
2168 3660
75 3718
2708 2928
2825 3915
1918 2405
749 1559
2021 2720
1778 2242
1030 1550
1722 2110
738 2904
926 3830
954 1985
121 451
3049 3716
190 2936
139 2220
3361 3652
2 2811
1508 1550
2026 3450
737 964
3809 3843
1565 2734
1080 1471
1029 3211
543 2406
99 1288
798 1295
50 906
847 1699
1001 3358
1877 2734
906 2790
2726 3870
217 1685
1369 3120
1111 3373
100 1991
108 3515
1244 3835
2042 2876
113 3761
2137 3937
444 1634
1033 1915
414 1859
256 3404
51 3479
234 3138
2052 3483
594 2917
1817 3717
1339 3929
832 1084
792 3009
146 2538
72 2446
294 2096
1774 3294
2009 3309
215 3226
67 806
2629 3707
1138 2016
1058 3167
2965 3552
135 637
92 2990
608 3985
1335 2559
1220 3212
217 1682
181 3069
545 2062
1678 2526
2294 3774
3554 3802
1347 1646
220 1468
1885 3343
1646 2229
1600 3198
718 2309
437 1160
1856 3525
177 2875
628 1140
196 1896
2890 2993
1067 3979
2940 3486
1713 2046
1205 3722
648 2066
1905 2025
1380 2682
1474 2246
2276 3950
782 2252
1453 1725
2565 2596
657 2069
31 2445
608 2878
1057 3756
115 3867
3298 3413
1725 2987
1859 2960
394 3333
1017 3944
479 2921
466 1656
303 432
1080 3151
754 1092
1658 3001
1361 1383
657 2368
1214 3888
317 672
2819 3840
301 3694
262 1390
1584 1624
3175 3482
525 3437
1416 2132
907 2180
3051 3483
1295 1956
639 3334
318 1924
820 2154
539 1046
622 2604
2586 3671
1578 2957
1535 3310
1293 3371
895 3473
518 3089
478 1220
301 2705
1675 2585
140 479
816 2051
1585 2357
3010 3687
2804 3749
276 2535
1965 3830
2316 3538
560 3488
1917 2319
2769 3099
337 1536
306 3601
1580 3964
3375 3413
2385 2758
333 3752
903 2127
2517 3546
1680 3388
1439 1792
361 666
924 1469
2240 3718
1038 3680
2011 3703
1769 2827
3404 3701
1164 2999
2068 2959
1459 3283
3429 3966
2524 3716
383 2967
1171 1490
1220 1767
1295 2149
2800 3788
2771 3724
73 437
143 1817
1573 3474
98 3750
1947 3829
622 1159
491 3404
1893 3139
1115 2817
2765 3653
194 3517
186 2323
495 3615
1339 2404
957 3331
3373 3516
2363 2983
588 3357
513 3074
1289 3619
3227 3820
693 3414
21 977
2628 3874
584 3332
977 1912
2319 3155
964 3426
243 2913
1764 3904
916 3019
1548 1837
2746 3822
1513 3818
349 1606
580 1076
2734 3109
1843 2501
1072 2691
849 1596
1341 3211
277 1911
1484 2689
212 2742
587 3036
2938 3561
2826 3341
1901 2127
1123 1351
159 2064
859 3475
591 2582
328 1315
1161 3394
955 3347
1235 2079
1256 2245
1038 2863
1617 3753
1151 1470
181 1061
291 370
1386 3179
1456 2188
1850 3393
908 2571
1295 1647
2412 2706
1012 1513
587 2597
3202 3752
583 2967
2749 3243
875 3983
678 3172
1368 3737
480 2624
2864 3911
438 2326
2592 3356
857 888
7 2504
55 2281
826 1452
1761 3777
158 1769
1906 2634
546 934
2117 3517
6 1273
2675 3938
225 1425
3095 3180
1658 3865
2576 3149
3469 3920
2223 3943
2314 3206
2110 2265
824 2131
587 720
954 3643
359 1973
182 1126
660 2477
1891 3518
489 2612
1 1558
774 3280
608 3040
1064 1377
802 2725
437 1020
180 2236
2116 3117
1090 1459
26 2771
886 1585
1983 2829
2742 2923
619 2476
822 3282
2440 3535
472 2499
895 2145
1686 3242
2301 3093
3495 3857
992 1200
521 3714
2588 3698
2 633
3130 3649
2873 3421
963 3231
2349 2400
32 433
623 3837
304 1145
1758 3797
1672 3934
1740 3465
1817 3215
287 1963
9 587
2573 2972
2730 3244
1234 2111
1153 3913
88 380
871 2596
921 3012
1777 2522
565 955
1287 2273
1223 2546
1372 3836
1869 2917
1215 3229
91 623
837 3933
344 532
2138 3904
1184 1457
712 2096
187 535
2235 2903
1033 1888
2235 3725
489 1013
1484 2830
1728 2301
1040 3394
190 3974
269 1181
2777 3073
1114 1692
1581 1838
606 2598
1933 1994
683 2914
3404 3969
136 1925
1092 2947
407 711
2677 3332
415 2208
481 3822
1317 1481
2258 2999
410 1679
492 1409
106 2268
401 3090
1290 3056
2783 2831
1509 2315
1317 3595
3076 3102
116 3030
1657 2898
239 1426
807 2855
1668 2941
337 1359
494 2675
1554 3274
1515 3604
2691 2986
1195 2587
2197 2283
327 1432
2522 3918
474 2262
525 1282
837 2707
482 570
38 3980
2223 3272
765 918
1462 3925
1428 3651
146 3914
3039 3065
1904 3854
1120 1795
3380 3381
1435 2004
919 2776
502 906
1460 1642
1710 3336
2521 3131
1115 2114
274 1620
217 1759
735 3472
3007 3412
203 1723
2007 2342
1948 3591
601 3271
1858 2582
1971 3488
527 1543
3365 3400
1636 3341
1202 1277
1802 2411
1765 2508
95 1505
74 81
398 1419
344 1016
1175 2422
55 2641
2926 3740
373 3029
23 225
216 1336
937 3355
1816 3709
2343 3457
2974 3044
758 3813
1227 3134
2279 3466
1514 2516
1488 2581
2654 2975
489 2751
900 1499
123 2250
647 3721
314 1650
2276 3235
438 2083
339 3412
679 2188
534 3976
229 1605
703 3238
3368 3740
764 3325
2148 2254
3192 3956
3303 3446
58 3654
2334 2956
369 2896
682 3481
175 3893
975 1103
2233 3619
456 2163
2801 3141
1168 3961
901 2635
1021 2492
523 1760
3381 3634
2296 3967
852 1257
877 2534
2449 3424
2670 3039
627 3641
1367 3454
325 406
1948 3745
467 2002
337 839
2156 2835
2489 3881
740 2123
164 2408
130 2174
1247 2508
1895 3210
69 3699
2507 3047
1749 2800
1320 1551
3317 3343
1296 2813
1980 3364
1332 2906
431 590
2096 2661
2033 3101
1212 2797
1144 3037
2097 2862
634 2164
611 2469
909 3561
57 1458
2771 3593
2438 3039
285 3678
1401 3063
1862 2918
385 1360
992 1707
629 3799
2268 3187
235 2107
1816 2087
463 489
409 1874
955 1249
374 1733
538 3605
241 2015
711 3420
2066 3907
144 3400
1615 2363
1364 3580
657 3491
861 3210
1905 2293
1220 2658
2320 3129
1881 1934
180 1618
2431 3901
780 1736
1353 2028
1343 3352
282 1734
172 812
357 3757
1422 3568
3272 3851
49 2349
2017 3352
843 3895
163 1270
2848 2882
810 2029
367 3025
2372 3476
1416 3545
2300 3398
1585 1790
2295 3130
2043 2328
1294 3397
1103 1926
2337 2736
1397 3830
2730 3366
1988 2786
423 2793
483 1241
3006 3629
182 710
109 1691
3079 3891
201 1386
1497 3795
177 2441
1213 3110
1314 3396
2484 3488
1819 3912
1821 2078
2019 2186
2911 3103
685 1145
1510 2931
3715 3796
3003 3537
1264 1463
1112 1747
3020 3816
1028 1506
1702 3624
606 1735
952 3930
486 869
638 2489
521 564
374 893
1171 1783
576 2632
1773 3278
229 3086
2165 2613
2320 2844
1944 3085
2742 3435
1911 2696
57 1371
1879 3631
2946 3811
2231 3207
98 2241
2128 2338
2130 3886
897 2378
505 867
422 1474
3581 3779
640 2228
386 651
718 2081
1595 2429
2102 2364
535 1782
1376 3104
567 2535
1781 2695
527 2361
1280 1798
1373 2243
204 402
718 1501
456 1958
3373 3855
996 2464
301 2743
66 1884
2394 3119
726 811
224 607
3227 3407
3249 3344
711 766
343 2355
76 3194
1350 3873
816 3853
293 3939
924 1591
1932 2642
376 3887
3587 3712
1752 2951
2090 2523
1158 2778
1975 3894
1639 3276
2550 2944
1697 2284
2070 2460
399 1993
723 962
1259 1802
986 2963
1297 1454
2288 3517
175 3148
3531 3841
191 995
2581 3410
1393 2507
3558 3920
20 2541
320 3079
1992 2805
2532 3814
1444 2248
1110 2358
842 3533
1056 2349
943 1755
788 2169
1011 3340
308 2544
1246 3207
2006 2219
113 1853
1492 2393
1663 3083
1854 3282
3075 3526
139 1420
3490 3692
150 3989
1190 2904
933 3494
3505 3747
2800 3548
865 1632
1830 3842
531 730
57 3702
992 1306
1409 2615
860 3176
925 2219
1386 3177
1817 1866
566 1199
1518 3207
1032 3858
162 1382
15 1529
2808 3765
2269 3285
1494 1563
3183 3863
1539 3738
110 968
1627 2682
1169 1986
1027 1338
196 3122
883 1303
3430 3901
1553 1690
511 3539
2033 3879
834 1729
1041 1261
2466 2583
1232 3411
1714 3329
2662 3803
2651 3457
1355 3755
1065 2638
393 512
1493 1665
261 1766
1207 3955
898 2313
3382 3488
242 1671
3289 3337
1533 3308
938 3328
498 2656
863 1757
462 2602
447 2218
195 1281
1250 3328
20 2717
131 716
2888 3351
2636 3261
823 3562
1771 3098
1910 3102
171 2952
1362 1634
295 1230
334 1684
954 981
927 1095
2711 3191
568 844
1299 2697
699 2741
229 2397
3278 3512
1416 3520
2775 3774
1280 3259
705 3741
1389 1700
1048 2139
2802 3738
531 1194
1734 3846
1538 2920
309 1364
1585 2480
423 2214
814 3602
3056 3690
1379 2808
2887 3419
2284 2680
281 321
3 2545
1028 3909
153 2060
112 1551
1028 1996
28 3749
2548 3585
1049 1448
1796 3539
1366 3517
177 417
247 2039
413 2977
1389 2098
465 2732
727 2475
52 2094
1434 2499
508 1269
2977 3165
575 2633
70 2837
178 1121
581 1734
1198 2347
1569 2082
1409 3784
2487 2814
2061 2634
609 653
1280 2558
55 1055
2912 3576
1541 3211
1157 3931
166 1311
1587 3209
1822 3306
1127 3139
1875 3376
3173 3697
2849 3773
3147 3299
1872 3370
2201 3416
2045 2191
397 3025
2161 2500
65 1637
229 3260
483 2047
910 1291
1723 3168
864 1236
3385 3965
269 3553
1344 1540
1171 3677
949 1113
882 902
2089 2590
2721 3039
553 2977
632 953
1786 2280
1145 2330
991 3213
1086 1771
1229 1695
2249 3387
2203 2739
670 3301
759 1746
2113 3399
2284 3092
387 3951
1698 3733
1593 1654
1763 2496
229 3532
399 787
1044 2275
642 3130
1566 3039
739 2365
1480 1789
756 1794
1254 1987
1516 2985
1961 2672
688 929
2278 2710
165 456
1603 3409
791 990
336 3038
608 1026
658 769
1982 3370
535 3154
482 1841
1601 3242
2978 3344
1278 3000
997 3440
2147 3572
303 454
1663 3217
752 1384
689 988
1170 1374
1128 1948
2002 2494
590 2836
1009 1477
806 1631
868 3584
1519 2800
749 3767
384 1279
930 1769
501 2342
168 1431
1381 1973
2168 3823
806 3499
1836 3120
2040 3404
2540 2596
48 1497
891 2226
300 3337
747 1769
306 1928
2032 2102
1633 3299
3522 3776
1147 3025
816 2649
1422 1589
996 1142
1069 1494
3111 3258
2353 2800
340 2607
829 2723
313 2789
3033 3353
1162 2256
1310 2392
1899 2320
163 2614
3711 3971
389 2927
473 2841
1033 1984
362 2067
1405 1531
2290 2336
1119 2820
1358 1842
817 2202
1211 3623
2188 3957
1468 2493
13 3432
1044 3028
442 3506
2782 3246
118 3227
185 3760
890 1345
372 2195
1137 2409
631 2457
2870 3600
945 3889
39 935
390 3771
1922 3369
1786 3871
612 1174
837 1542
2730 3588
17 3494
2988 3589
2325 2471
1124 3157
401 2973
1500 3961
749 2814
2592 3150
1216 1350
714 2499
837 3968
335 3178
24 3905
2553 3518
1129 2213
686 3868
2118 2238
391 746
2735 3761
1670 2495
2050 3378
18 3730
3025 3616
666 3900
912 2414
746 2519
345 1949
503 2935
1780 3607
3411 3640
2409 3622
827 2666
1884 3077
1870 3006
1172 2196
1616 3916
181 2795
528 1679
161 2167
1350 3163
1509 2584
283 1576
2030 2684
835 3447
1163 3500
68 2630
718 2153
430 636
1364 1840
117 314
2033 2815
1403 3197
980 3463
93 3819
2461 3309
311 3064
125 3159
1443 1556
267 2757
2285 2579
3783 3947
51 74
2889 3783
1677 2235
2618 3063
1451 1953
2100 3939
2419 3904
630 1835
161 1062
291 1549
587 3153
177 704
2979 3425
3290 3700
928 3797
576 1318
110 2744
3239 3296
146 1219
1711 1868
789 3066
1710 3560
2104 3103
103 3142
116 2057
1989 3775
1096 2255
368 2095
1898 3685
1723 2763
197 1107
3378 3443
3498 3942
8 2408
2012 3932
42 2772
563 1848
2161 2995
184 3940
1240 2143
1051 1115
326 2456
1054 2123
527 2230
1407 2854
459 1083
2286 3422
1178 2753
1045 2785
873 924
610 1778
216 1972
1534 2681
1313 3221
315 2085
790 1102
214 1208
79 1417
2286 2561
2690 3133
2691 2991
2355 2570
2673 3019
3130 3642
1398 2640
1109 2165
2038 2251
3069 3234
1177 3740
53 387
855 3636
2434 2611
434 2433
1114 3132
1402 3509
2121 3445
338 943
1725 2146
741 1832
603 939
1019 3377
1480 2053
1817 1833
1033 3769
1113 1705
582 702
1233 2771
470 1416
889 2939
137 1237
310 535
1374 2756
687 1937
1520 2845
2450 2520
1829 3667
436 2509
815 1575
1562 1990
43 2773
1203 2899
1608 2388
1704 2953
2065 2483
2630 3569
3403 3754
2333 2764
279 378
1067 3794
2244 3413
1118 1383
803 3906
809 3169
3742 3927
879 3718
971 1582
366 3138
1059 1240
2714 3908
551 1468
753 2001
446 1357
799 2593
2978 3963
506 2159
1435 3405
698 2781
2871 3673
1287 1305
556 3831
1708 3307
1394 3253
2071 3307
725 1551
1123 1981
1068 2319
923 1033
46 181
1567 2958
2215 3845
1023 3487
77 3878
1950 3119
1741 2304
185 1613
2 1673
1936 3218
3390 3834
1663 2359
3441 3510
299 2620
2786 3674
708 3489
146 360
230 746
870 1884
1604 2254
374 3960
258 2203
1809 2962
2463 3277
3056 3318
894 3448
1942 3013
702 1226
246 3138
304 2189
1413 3901
512 1831
122 701
616 1886
98 3541
674 3281
659 1852
1047 1121
263 2480
1263 2370
1571 3762
2730 3314
114 464
1770 1930
1092 2386
2073 3620
881 1449
2880 2918
593 620
1003 1495
1649 1762
2779 3319
29 715
2547 3329
2821 2877
2433 2709
3329 3746
1085 3555
2574 3321
816 1414
2108 3279
301 2788
1044 2724
724 2429
1547 2823
1752 2119
1621 3515
758 2126
1179 3213
3523 3771
2339 3763
1630 2993
2066 2664
645 3804
1426 3106
2874 3610
3072 3851
1535 2907
1945 3613
1429 2056
587 3127
86 3140
1046 1391
1275 3291
105 2137
318 1007
1763 3105
940 2535
27 2062
351 3844
2410 3728
231 830
160 3533
1969 3115
252 3744
1828 3883
2239 3164
2376 2623
3370 3936
403 2999
1028 2249
548 1267
44 3768
155 1635
1995 3705
961 3224
816 3859
1441 3275
1834 2389
2422 3764
571 1845
2388 2621
2488 2737
3598 3904
2454 3810
1724 3055
3071 3282
3027 3753
509 1127
1612 3391
3015 3195
29 892
773 1102
499 2762
801 3267
932 2893
355 2532
970 2778
1864 3103
3054 3611
1977 2379
45 917
2188 3082
690 2949
2054 2972
1815 2310
887 999
785 2468
718 920
779 3956
700 820
1756 2695
1337 1763
114 615
1073 2277
1325 3594
1043 3789
54 3710
2009 3782
530 1340
2297 3626
425 1851
1447 2093
519 2382
288 2892
2859 2940
1080 3123
652 1554
1947 2013
202 2349
624 3941
266 3222
658 2564
1262 2715
974 3436
1801 2640
786 3386
2766 3703
608 3597
2048 2331
1588 3624
576 983
3107 3656
3023 3335
578 1919
3130 3256
2980 3585
2499 2807
2324 3639
1066 1611
2667 3285
179 3199
375 3830
2898 3736
1857 3271
1039 2566
3022 3240
2205 3666
979 1834
199 656
3 37
2602 3984
752 3926
260 620
3162 3196
885 1808
1574 2822
2990 3543
1273 2930
2327 2672
1002 1947
316 3638
775 2378
33 457
1489 3316
1849 3050
717 3839
761 1295
1497 1974
974 2646
2200 3211
1348 2884
358 2918
2883 3031
2889 3959
1092 1251
1015 3251
3901 3946
2722 2946
709 3645
1296 2271
1800 3046
283 2700
785 1667
2465 3566
257 691
1521 2685
1865 3333
1272 1429
388 2502
742 942
1139 3014
1392 2882
895 2063
2522 3185
2123 3324
2489 3502
1748 1907
2223 3384
587 2340
784 2668
1221 3002
289 2213
406 851
223 2123
2282 2692
578 2024
25 3266
512 586
515 1908
2678 2784
458 722
2014 2977
825 3921
858 2263
101 429
1878 3608
1018 3590
2193 2900
2425 3930
2857 3174
312 2035
1545 1557
1550 2261
2497 2694
2901 3885
30 2175
1031 3411
557 2955
1374 2637
1385 1430
641 1804
448 1445
1466 2912
833 3935
2224 2750
87 348
233 2808
273 1121
2843 3456
2596 3661
2064 2568
640 2542
2023 3014
1465 2870
696 961
1274 1903
973 1814
1005 1698
458 469
947 1753
1813 3219
1143 2682
151 568
1554 3849
1823 2274
186 1810
2378 3748
255 854
215 2390
547 3756
2367 3872
3263 3515
608 2099
1487 1846
2626 3237
2375 3454
2096 2879
2451 3008
41 3688
322 3252
2155 3439
619 1478
1370 3799
138 1946
449 1612
800 2413
440 3874
489 675
908 3670
56 377
1112 1715
148 3607
271 3551
1300 3135
1186 3024
342 1803
558 1196
97 2631
2916 3295
3740 3988
3020 3970
752 3800
2912 3817
2150 3138
1561 3954
185 2922
994 2072
374 2041
2088 3439
958 3975
2151 2908
2593 3080
1718 3737
1008 1104
1327 3288
541 3546
126 350
2647 3141
196 3160
337 549
2102 2639
2474 3935
2592 3322
918 1674
746 2166
951 2276
1306 1546
3401 3898
1328 1929
36 1361
2643 2850
1106 2820
500 872
207 2919
649 3485
424 1089
1610 3464
2350 3729
662 943
2181 2796
1658 2865
323 2481
1676 2184
878 2760
330 3535
1231 1399
1301 2337
866 3807
1099 2278
1294 3360
1455 3321
283 2748
2251 2291
265 3749
690 1681
1144 3081
2747 3201
1222 1898
2513 3484
2058 3025
262 1940
1979 2810
533 2910
2912 3606
1132 1522
1383 3315
1284 1562
1701 2996
1738 3612
1440 2402
948 1629
2881 3682
643 3792
2718 3313
1428 2838
263 2665
318 2010
102 2305
149 2989
40 298
471 3770
3124 3868
1042 1238
819 2144
353 2445
1577 3544
2303 2714
2529 3387
707 1022
824 1570
1533 3126
946 1837
78 458
678 1643
2260 2444
3730 3952
853 3687
477 3460
618 2799
181 497
863 2531
254 2833
1346 3941
1820 1980
976 1451
803 1410
1297 2307
4 3822
1504 2134
1498 3193
2605 3498
2648 3599
2342 3556
1987 2299
157 487
61 3067
3884 3901
1418 3470
2572 3805
2380 3115
2603 3770
47 2785
680 3836
650 1696
1044 1329
1447 1512
100 3477
1180 1217
622 3152
2311 2342
1234 2998
649 2982
831 2919
2341 3021
1364 2187
974 3320
226 3400
1248 2967
620 2112
1105 3508
154 427
524 2985
2905 3786
437 3004
1063 1065
147 420
52 3084
1288 3664
954 2839
1890 3221
2225 3203
423 1838
666 3852
1723 1727
487 2204
840 3339
1146 3841
85 1550
216 3270
142 3781
253 947
482 1619
960 3174
392 436
608 3633
2909 3501
1693 3847
673 2593
1252 1287
1653 3708
872 2289
1093 3549
1217 3876
1182 3903
896 1524
1938 2977
1966 3233
71 3684
1166 3149
597 1400
2250 2470
2338 2774
1791 3958
2937 3020
2120 2954
1706 3681
1464 3250
1286 2977
1273 1921
452 555
2633 3245
10 2589
2837 3094
3173 3349
3087 3415
268 2190
1117 3861
757 3181
589 3411
762 1087
544 3695
236 2662
1568 3337
1609 1694
2950 3614
479 3345
899 1243
2034 3828
538 2964
1395 3945
2005 3869
3164 3657
2133 3268
3241 3810
689 1333
2752 3120
468 1480
2216 2622
386 643
2421 3381
540 2321
156 843
127 2103
943 3798
381 2543
676 1927
183 1184
521 3862
1112 2653
2211 2284
80 98
1785 3264
1048 3493
380 1787
2847 3279
189 1978
703 2527
2853 3887
771 3718
1649 3189
280 3972
1793 1839
1354 1973
1564 1939
1799 2407
2152 3967
516 1775
2267 2798
475 485
845 3564
599 1009
480 2961
3058 3706
1257 1970
1776 3492
2158 2318
792 1967
619 1779
3359 3716
1451 2136
484 3535
130 972
1898 1909
1075 1173
324 2235
2511 3828
1411 1731
259 1606
3514 3650
2791 3484
1842 2172
617 3766
1378 3232
305 477
750 3061
805 3284
1319 2432
1046 2384
1185 1217
290 857
985 1754
2137 2253
416 1380
1931 3791
713 3521
1784 2173
1651 2742
1450 3578
2769 3112
525 3821
569 2692
1583 2952
1437 2549
2515 2761
1584 1640
107 3582
2300 3116
188 3801
3078 3782
2868 3833
1286 2373
2840 2994
1658 2452
1805 3854
3035 3363
1298 3956
1178 2430
1659 1954
1726 1951
1228 3203
3624 3672
622 1625
2968 3279
2846 3704
2934 3017
538 1597
215 2443
1486 3805
3216 3434
490 3255
542 1535
248 797
870 1396
476 3528
1662 2475
596 2373
2780 3793
2284 3156
1088 2711
760 2679
437 3949
2388 3603
2471 3575
688 3497
1809 3565
1141 2109
242 379
193 365
1033 3689
1317 2943
694 3338
2145 3625
3439 3899
670 3683
909 1523
450 3199
347 1446
483 2731
755 1976
777 1388
446 1352
62 513
3671 3826
426 3069
510 2772
1578 3973
1265 1596
63 1367
2004 3286
1193 1460
1660 2895
3124 3293
201 2329
1264 2037
1312 1485
2471 2866
443 1452
1324 2867
428 884
275 307
2418 3835
2048 3549
281 2992
1067 2170
973 1024
1717 3711
1935 2758
2360 2412
1854 3557
2420 3478
1525 2439
1092 1197
777 1148
1397 3732
3323 3931
1688 2765
1130 1309
396 2363
966 2437
1665 3669
2787 3562
275 2971
1772 3342
3052 3395
1322 2668
2642 3158
83 2353
828 2530
593 1285
2512 2841
1623 3547
27 661
507 2503
155 911
1088 3062
2806 2978
862 3540
1818 3925
552 2851
1094 2733
1716 2763
2299 2567
2674 2874
1150 3552
1375 2878
1602 1846
2891 3364
1171 2915
551 3223
3735 3896
677 2922
1943 3962
561 2622
732 2485
2864 3304
2904 3455
442 3248
1348 1750
531 1404
1034 3900
2498 3712
2298 2983
546 905
1153 1669
264 3699
804 2163
213 263
1801 3287
209 701
392 728
2266 3743
2351 2900
2613 3785
404 1102
3199 3632
2286 3723
2034 2074
1424 3570
1050 3648
1666 2929
1500 3026
2377 3662
2987 3125
1466 1472
1719 2443
775 1806
210 3712
2247 2752
245 3130
504 3682
390 697
1570 1644
3032 3362
408 1335
1255 3933
198 1895
1134 2087
2627 3264
2240 3070
928 1868
2576 3671
1722 1758
1255 3797
1758 2326
1376 3797
885 928
1691 2971
1845 3826
2844 3797
2481 3497
1758 2627
928 2047
2834 3671
1758 3477
1758 3362
157 255
255 2962
854 3728
2107 3797
393 1758
1675 2513
1758 2377
255 3168
381 582
1271 3826
255 617
307 1352
84 1758
2586 3161
927 1758
342 3797
1226 1631
1050 2791
1956 2971
387 3797
1526 2543
854 3395
2415 3149
854 1189
491 2242
1713 1758
424 2971
255 1042
237 1226
854 3325
842 2735
582 2474
2801 3826
275 3362
323 3679
1602 3826
1166 1538
2242 2376
323 569
255 1224
275 507
2831 2971
255 704
638 928
1526 3710
854 2098
3797 3965
1226 1831
322 3969
255 2500
2586 2798
275 3424
255 280
1608 2971
1711 3968
1385 3671
1758 2519
197 2083
2517 3671
1688 3758
2404 3797
255 1922
1463 1758
928 3776
854 3035
3671 3844
1890 2586
938 1758
307 1919
949 1758
255 369
1240 3671
928 3471
2543 3087
1758 3960
255 2744
854 3942
596 817
2107 2242
1758 1817
307 1140
2242 3006
1226 1616
255 1932
702 3650
596 3371
451 854
1286 3485
582 961
1393 1993
2741 3252
2451 3826
364 3667
842 3252
1711 2239
2513 3243
255 2560
580 3797
1742 2971
787 3572
307 452
1655 2614
1160 1758
2586 3806
2040 3484
787 837
222 928
255 2066
2791 2866
3669 3797
3797 3938
19 364
1675 1728
235 596
204 2586
1226 2807
854 2461
582 1668
2373 3575
3710 3761
2547 2586
1758 3527
2791 3085
1714 2971
307 2094
307 3520
255 3821
854 3862
275 952
2166 2971
928 3474
928 1210
1108 1166
596 2511
854 1630
1333 1655
201 854
2052 3104
1526 2507
53 2791
42 3826
2586 3870
854 3217
1758 2894
1870 3252
1758 2632
1758 3139
307 3397
2971 3789
1757 1758
1899 3252
368 702
275 1187
3106 3761
1226 3059
2157 3705
2971 3654
542 928
1758 2709
586 2242
342 2242
2971 3607
364 3288
610 3424
1676 1778
928 3591
167 364
2396 3106
787 2047
266 1226
726 3071
596 3048
81 2242
1518 2982
398 2576
2202 3163
854 3338
610 2471
1711 2639
1255 2326
2779 3797
928 1739
464 3149
2971 3410
254 1711
1526 3587
307 1274
928 1289
364 2831
3163 3808
1419 2396
582 1365
8 364
1577 3826
787 2802
928 2197
2735 2871
1285 1388
2513 3424
323 3058
2749 3658
2155 3071
307 2287
529 2749
275 750
2669 2735
255 1157
1510 3671
854 1901
1118 1758
571 2760
3797 3918
255 2661
854 3762
2513 3528
737 3019
364 2583
132 323
294 1758
323 741
2748 2791
4 307
275 3934
1388 1465
1394 1758
945 2586
2052 2834
1963 3826
1778 3362
1758 3027
1691 1850
1618 2586
2457 3826
2971 3383
364 425
1148 1560
1086 3797
307 2126
610 2616
854 1528
255 1515
1505 2394
1249 2791
307 3212
700 3797
307 459
277 2673
928 1074
1505 2396
1711 3679
842 3485
459 2586
323 3984
928 976
147 2576
1211 2735
1854 2760
1655 2520
209 2834
197 3792
1083 1226
498 928
2147 3968
2111 3019
322 3702
3149 3518
2145 3797
928 2232
322 2856
717 928
364 2367
1655 3123
2585 3875
2242 2996
219 255
1807 3826
364 1833
275 1812
364 3660
1711 2669
1226 3123
547 2349
610 2948
2637 2977
1716 1950
2566 2673
254 2396
702 1967
2543 2553
2586 3466
845 3484
1307 3826
787 3834
2157 3851
1262 3826
2586 3443
2394 3066
237 1853
2157 3908
814 3485
2242 2412
1374 3163
867 3797
1584 2834
790 2242
3104 3518
399 2143
596 831
1743 2749
1806 3968
399 1089
547 2906
809 2586
122 3899
210 2394
927 2513
960 3671
854 3842
3149 3304
80 851
1166 2503
140 2971
1316 2844
1281 2400
1166 3706
1017 2242
2242 3610
592 596
610 692
209 1503
1166 2414
1561 3087
998 1148
2474 3873
854 1597
491 2083
413 3814
2038 2576
2194 2373
748 2373
1538 1973
2147 2553
1064 1166
1526 2371
2394 3667
1814 2586
1056 1089
1828 1993
275 1299
126 728
1354 3290
1216 2884
2289 2373
596 1794
2866 3602
260 2576
260 2513
307 1229
355 2504
845 2400
2396 3587
1057 1728
2673 3481
1107 2410
49 1943
322 1668
643 2373
596 3746
323 2490
322 472
3195 3826
854 2582
364 2366
294 307
1652 3797
52 1226
307 3724
322 1182
1148 2621
209 2106
1778 3935
307 3225
1560 3149
213 1993
1640 2729
275 3492
396 596
2107 2543
737 929
202 1357
787 1434
1875 2157
3259 3826
787 1700
322 1400
2304 3497
759 854
2585 3951
851 3090
1216 2860
582 3339
1148 2329
919 3826
127 1655
307 2195
2513 3003
429 2735
1465 2415
53 1050
1226 1681
566 2791
307 2255
1789 3797
197 2008
322 2056
307 3711
1256 2637
481 582
343 3207
787 1064
2396 3700
325 3026
322 1132
596 678
2749 3567
787 1362
916 1304
851 2943
854 3143
1853 3792
63 1148
596 3241
1806 2637
702 3975
323 2843
283 325
582 3913
582 3249
381 2844
916 938
322 1669
325 2674
1374 3602
1938 2980
45 275
323 340
1853 3395
197 429
2791 3595
1068 2481
359 2143
2513 3641
1376 3290
3252 3844
1170 3051
871 2971
822 3290
2749 3895
1584 3983
2566 2791
2673 3158
582 3839
197 1023
197 3223
702 3816
1354 3371
2791 3215
275 3642
254 362
275 3398
2748 3104
88 1338
275 2196
621 1518
1993 2666
596 628
156 547
702 3625
647 2971
1131 2242
1778 2387
2373 2742
449 787
10 3104
359 621
1226 2390
49 3958
197 2303
566 787
916 2118
596 1998
350 3511
1059 2543
787 898
2157 2273
364 2838
885 3636
3460 3497
2147 3575
1860 3243
662 2242
322 2742
2326 3808
323 3707
929 1238
610 2366
201 2242
49 81
391 2242
1644 3968
3066 3071
353 1899
2242 3880
275 860
2914 3071
1234 1778
2756 3106
3808 3843
2088 3052
3246 3671
2513 2764
109 1860
750 1166
582 809
1616 3873
1633 3671
1153 2242
1165 3362
1137 3671
1246 1750
596 3004
1815 2242
1338 1357
1850 3650
49 1199
696 726
2532 3149
582 2235
2245 3701
176 2373
761 2920
1166 1548
1166 3938
909 1388
267 323
743 2513
1503 2407
2791 3084
322 3287
109 1870
1285 3602
2239 3808
503 2576
1224 2576
359 3267
2147 2751
364 2080
875 3667
811 3895
2014 2934
323 2704
1675 2113
1082 3518
103 787
1166 2784
2673 3374
1840 3557
553 1312
615 811
268 3497
1503 2866
2831 3165
1688 2301
851 3755
2038 3165
596 3811
851 3191
2204 2735
401 1166
1853 2512
1828 3557
952 3149
596 1753
733 2791
713 1286
547 3006
916 1753
322 567
596 2115
1526 3076
1226 2571
1716 3933
3243 3282
1166 2005
2396 2650
787 2939
1166 2890
1212 2576
1056 3080
916 2888
2415 3750
275 471
350 2351
1561 2834
2112 3087
854 3656
582 1139
2014 2183
323 3788
1675 2183
1500 1526
118 2418
2678 3484
370 1226
1403 3087
2231 2267
952 2415
1505 3129
2673 3383
275 2821
404 2504
3512 3671
2180 2735
596 825
2087 2735
1806 2731
1624 1848
2183 3497
1338 2152
1787 3701
1524 2576
2394 3706
610 2838
1722 1831
1226 3318
1388 3945
2157 2624
1256 2878
1216 1403
359 3702
583 1256
875 1956
197 2466
1856 3557
197 3729
688 1956
323 1090
726 1329
322 2493
805 3104
1226 2229
1850 3820
2394 3893
2291 3557
275 3774
2412 3165
596 3109
1785 3252
307 1066
364 3469
322 1772
382 787
197 2995
1226 2677
1176 3052
3104 3311
197 3150
307 1217
197 3273
2019 2242
323 3711
2373 3776
49 3712
1056 1829
1522 2248
331 1381
2504 2583
95 1850
2040 2914
1045 2396
875 3264
2358 3252
596 2985
246 2147
350 1766
402 3557
1526 3970
594 2513
283 3497
1050 3705
1376 2860
596 3434
2741 2884
1640 3600
1226 1566
1607 3497
787 1910
256 2143
2763 3602
1815 2735
8 3104
322 510
1388 1815
364 2145
18 1711
929 1745
2585 2763
1165 3705
3026 3087
566 2014
1209 1655
1388 3654
507 1708
197 1821
949 2373
596 2450
1388 3363
2487 3983
1716 1806
596 849
1787 3129
1912 2481
197 2545
1027 2364
721 1226
922 1107
383 1899
383 3983
323 2300
2922 3761
2576 3208
995 1376
73 2242
49 2241
2735 3471
1089 2083
2373 3791
2349 2962
1170 1644
2303 3761
1056 1523
2504 3059
113 3878
239 2765
916 3810
2154 2157
1084 1226
1806 3477
1853 2404
572 1675
726 2471
122 237
49 1803
2513 2929
205 2242
787 1851
1885 3485
1993 2463
1733 2735
343 1059
787 2122
1454 1711
1248 3875
2329 3393
866 1148
49 964
610 1455
2348 2791
25 2155
49 2503
1255 3375
2430 3104
202 1672
1256 3355
1458 1624
63 3163
356 610
43 2741
197 1917
2663 3093
40 3424
2741 2933
393 3899
1711 2895
1376 1913
320 596
195 2418
2325 3875
875 3072
109 615
1670 2834
726 2192
1711 3870
502 2242
916 1245
1647 2741
916 3886
1058 3104
1226 2862
586 3933
244 2242
1357 3969
322 2744
1621 2242
2242 2684
275 2116
855 2756
937 3052
787 2606
3580 3602
1711 2969
424 2265
2834 3487
350 2367
787 3202
1778 3714
3756 3808
1836 3758
3371 3629
2922 3393
1285 3089
2763 2834
730 2373
1219 1388
2506 3485
1013 3875
1778 2375
40 3551
2791 3416
1148 1932
2040 2410
680 1505
2329 2400
2963 3019
197 2510
767 2396
2897 3089
160 3792
1170 1572
610 2949
350 2742
1916 3252
610 3116
1778 2529
680 3006
875 1174
49 277
1354 2241
2201 2481
364 3622
1711 1812
2735 3651
1716 2202
1059 3875
1001 2400
980 1166
676 3602
1691 2267
1691 1831
603 1868
161 2543
364 1752
1691 2322
569 3093
1728 2410
1166 1937
893 1993
833 3180
3129 3883
1481 3557
1381 2532
1923 2735
1285 1691
476 1255
148 3163
1130 2920
1708 3347
1969 2481
2149 2749
1354 2861
702 782
1529 1860
496 3282
1255 2056
143 3393
1587 3484
1691 1843
364 1731
1076 1518
1034 1860
547 2322
1011 2773
1056 3145
547 3820
2791 3470
332 2242
298 3951
2884 3180
2157 3147
452 2014
3006 3266
2400 2922
1256 2282
2155 3705
197 473
2248 3245
885 3224
2141 2396
2791 3588
874 3252
2673 2712
209 2149
1526 3503
929 3113
596 2964
1248 3266
796 1388
47 3602
35 1419
1711 2118
1539 1891
364 2559
1011 3006
353 845
1868 3491
1365 1853
1840 2834
1688 3267
1389 1675
649 3518
1148 3021
413 946
218 3873
646 2289
359 2289
81 1691
1462 1853
1728 3620
1255 3392
209 2070
649 3034
1856 3119
916 2799
199 1381
2481 3947
405 2673
940 1107
610 3957
3290 3499
2400 2566
929 2755
632 2415
2161 2791
2513 3762
8 571
122 2962
2673 3321
1850 3954
1357 2637
851 2434
1920 2673
3144 3983
3521 3629
1082 1651
1388 1858
2351 2543
506 1938
2327 2396
2157 2552
851 2675
688 3311
2037 3149
364 2837
2161 2576
2791 3821
1553 2400
305 842
1256 2998
1385 1538
1216 3806
1166 2978
787 953
121 1778
2143 2891
946 2504
1587 3393
1891 3667
2370 3016
1913 2040
245 2513
1559 1691
1860 2111
1853 2316
487 688
2329 2920
520 2543
1365 3557
2513 3263
517 3761
737 1899
1388 3821
1570 2570
415 596
2576 3441
1388 1775
596 2848
1388 3253
929 1301
368 3701
2395 2920
399 3141
126 1849
1154 2791
49 3898
364 1605
1607 2920
119 702
322 1545
2373 3936
1570 3983
160 1293
794 1850
644 1518
3150 3484
1845 3700
1253 2242
197 665
2147 2187
2370 2553
421 875
1861 2920
1982 2576
3460 3485
364 2062
1204 2637
1166 1179
1166 1311
1338 1362
2920 3929
53 438
156 1539
1787 2245
1256 3878
509 1246
571 3112
465 2265
391 1675
2506 2844
2187 2982
701 1505
234 464
1027 3444
2446 2791
1938 3805
187 929
586 1891
1993 2436
912 3665
1739 2242
147 3093
2735 3446
1388 3519
845 3439
336 2576
368 3051
787 2114
399 2547
1945 2731
403 596
346 822
239 2370
3089 3288
3047 3629
1938 2529
565 3710
2906 3325
1016 1640
88 3728
827 1688
1376 2098
1309 3873
197 1775
288 702
399 2204
875 1016
359 3929
3746 3873
322 943
118 885
364 935
2513 2521
702 3420
3809 3951
2735 3524
3407 3875
1166 2200
359 2753
1360 3019
787 3366
754 3629
491 1651
528 3629
2920 3713
737 2376
1633 2242
1052 2707
322 3961
2481 3131
49 2841
1945 2507
2320 2627
2415 3709
343 779
2513 3133
571 2694
1391 3266
259 2735
1450 3104
2504 3273
1653 2612
851 2452
399 656
350 517
198 3252
2310 2576
2202 3820
851 1935
3129 3705
1515 2157
2394 3714
667 787
2736 3873
3391 3602
2400 2755
2504 3140
1129 3087
198 3087
399 2784
446 2088
1573 2504
202 743
1084 2481
3870 3873
254 3085
1107 1851
610 3644
561 3393
2144 3557
2394 2618
929 2005
1216 2087
359 3391
1711 2961
202 3502
49 543
2122 2415
1624 1766
3485 3712
3243 3445
929 2719
596 747
326 821
1942 3106
2570 2923
2513 2709
2418 3546
202 2499
364 1906
1711 3811
825 1993
2791 3466
2806 3087
77 3658
1059 3052
1373 2570
7 3589
1505 3066
821 1376
1089 2866
1270 2071
2147 2733
680 2884
3565 3808
787 3794
113 1001
787 1318
305 814
1993 2993
1810 3252
2553 3600
2543 2943
2792 3658
586 3533
2765 3066
625 3968
88 3085
156 2871
1875 3104
2040 2546
1056 3084
1301 2400
3072 3629
185 1675
2415 3088
1056 2317
529 2792
553 3764
459 1993
586 937
2481 3182
23 1426
2807 3899
2147 2614
3477 3809
1058 3071
184 1256
1293 1728
1778 1901
1502 2504
845 1687
2741 3603
1341 1388
779 811
673 2326
49 3638
2637 3702
702 871
109 499
677 1899
2394 3944
726 2666
726 1643
3243 3836
677 3180
197 2211
2088 3375
2553 3534
237 2095
370 2242
2576 2808
1899 2980
40 1434
795 3557
1216 1810
406 3336
1911 3104
2242 2682
2831 3968
1252 2394
3258 3484
1388 1588
325 340
2173 2627
1539 3404
3201 3629
164 3326
1376 1669
1666 3119
1870 3325
2038 2982
1938 2510
560 610
2113 3485
2400 3520
2349 2621
406 3022
586 3937
1616 3629
109 1357
1772 1868
1497 3087
912 2400
929 2874
728 1204
1917 2504
239 1576
353 993
322 3628
844 1372
350 1142
1246 3641
2046 2396
1027 3435
342 649
2202 2517
2929 3252
1374 2639
3873 3944
814 1715
1993 2450
1369 3149
2702 2914
1166 3246
1107 1887
2583 3326
322 3591
986 1526
78 2553
771 2791
1078 1850
2906 2996
1668 2906
3252 3258
54 833
1993 3839
1716 3164
126 3775
811 3511
1733 3087
851 2825
1333 3326
1256 1747
2137 2449
1215 1256
1246 3942
438 1094
1956 3808
359 451
399 1936
1238 3016
1868 2719
399 627
3161 3748
562 3243
156 2748
680 2933
1332 3426
1526 1983
2474 3052
3575 3883
173 2749
518 3426
787 1508
822 3713
799 2570
1959 3484
927 2760
2143 3518
676 3969
2082 3161
2271 3665
404 3089
2741 3132
2735 3888
1056 1755
2553 2980
3106 3872
505 596
1683 2242
271 842
381 3288
2741 3546
1526 1987
2377 3533
929 2641
2702 3940
398 3085
25 3499
952 3089
2606 3557
218 2585
1365 1518
1542 2583
1526 1957
2358 3899
348 1868
3297 3873
1428 2373
1316 1766
2231 3717
1945 3161
298 2511
1540 3290
1187 2741
748 2040
532 3933
2241 3969
929 1645
2903 3149
373 1778
1111 2242
298 3264
3297 3393
202 1815
1093 2866
2430 3968
507 1644
1027 1427
402 2040
276 1354
350 1349
3497 3825
1923 3149
1993 2907
202 949
875 1364
472 1743
1256 2614
98 2920
507 3052
1784 2970
1728 2406
1050 1196
1938 2909
1806 3578
1692 2982
325 2881
173 547
1214 1950
3252 3611
464 3600
529 1364
1354 3284
275 1000
1057 2512
821 3089
518 3600
1539 2487
1263 3093
2507 3161
202 1068
1270 1503
2425 2760
1488 3252
777 3611
1688 3062
173 1503
109 1034
3136 3477
2741 2791
232 2415
2673 3005
922 3968
3239 3521
92 1107
305 2756
2982 3059
2834 3717
787 2642
3371 3518
325 2235
2517 2891
3325 3875
3290 3679
1402 1743
2083 2112
2299 2504
1391 3477
122 378
1108 3161
2845 3761
2856 3937
2394 3416
1148 2631
2052 2973
1849 2326
151 2095
649 1522
1938 2468
84 3207
1166 3800
1056 3607
677 3307
1007 1374
1844 3085
1127 2920
2430 2749
610 871
1362 1691
2394 3004
58 842
2749 3546
1047 3557
1214 3163
197 3147
1716 3371
1338 3719
279 875
1200 1526
558 1107
1270 3629
90 1388
1248 2410
691 1845
1675 1937
1057 2807
777 2119
1166 2848
1237 2920
1255 3241
1354 1634
2923 3937
567 1050
1381 2204
466 2513
1993 2881
355 2702
1313 2982
31 2833
2867 3290
835 2576
2474 2623
1255 2617
1675 2940
1204 2731
1088 3415
2070 3499
1741 2749
509 2083
641 3899
726 1141
1215 2376
326 3766
381 2512
1691 2973
571 3399
1097 2866
571 1269
2585 3481
779 1372
82 1089
1196 2418
1687 3426
2487 3565
353 1039
2112 3129
109 1385
1465 2407
359 3409
633 2394
500 1538
1148 1499
1248 2267
507 855
1549 2513
343 1602
1256 3148
2920 3076
355 383
40 3851
1993 3465
2625 3761
1393 3580
972 2791
968 2400
889 3873
1570 2082
1107 2845
1276 2088
98 875
787 3147
2033 2735
1286 2421
1246 3525
469 1332
30 787
2051 2749
109 1458
2513 3605
1677 3557
1095 2834
2782 3104
1286 2726
929 2681
1182 3629
2673 3931
362 709
1728 2572
381 1130
1130 2106
1148 2484
2668 2735
413 2114
750 2543
2325 2962
783 2202
1165 3881
1845 2414
532 1806
1256 3967
2265 2451
1584 2733
495 1338
571 3402
1899 2948
1281 3667
402 2844
1464 3728
981 2504
1057 3965
1864 3602
1151 2373
822 2057
1609 2585
787 1921
2400 3255
359 3303
197 1871
1372 1473
2377 2773
1688 3450
2748 3575
748 2106
875 2317
2194 3636
1794 3658
1200 3758
464 3508
257 529
688 3105
2604 3761
190 2513
3658 3930
1561 2173
643 2570
2398 2585
1072 3104
1465 1505
2095 3424
1668 3657
691 3657
1688 1696
2025 2106
1354 2419
1430 1503
1027 3450
394 3165
2326 2870
497 1676
1246 1337
1254 3104
2070 3006
875 3881
392 817
3252 3754
1974 2749
325 3359
2415 3503
1526 1683
1165 2785
2576 2677
2052 3610
1886 3089
1803 3016
343 2183
265 322
3149 3683
1197 2095
95 2455
3087 3185
239 2647
2627 3958
494 875
1050 1930
988 1728
325 3231
2834 3413
2449 3767
470 688
1256 3828
1286 1659
197 2335
288 2513
2585 3714
173 2239
507 2143
1286 2746
2052 3775
1241 3407
1831 2032
350 3811
1745 1845
1954 2585
1187 1973
2384 3814
197 1533
2143 3565
704 2543
294 322
202 1677
1396 3252
1108 3424
1728 3623
1180 2513
167 3937
571 3331
3497 3769
2669 3951
790 1870
1722 2925
1286 3139
410 2773
2844 3893
1663 3484
1132 1806
77 3093
1853 2766
3557 3730
1678 2504
1249 3483
1106 1372
688 912
2507 3528
2373 3858
2791 3302
759 2735
2008 3843
1319 1806
2155 2368
1526 3516
491 603
667 1950
429 1503
1285 3518
1687 3395
1141 1708
1382 3019
713 2106
2589 3051
2750 2860
63 547
532 2067
2980 3266
499 3371
1854 2555
1850 2139
1502 2920
2040 3610
142 197
885 2650
2485 3557
1584 3184
365 2396
2036 3252
2098 3106
3322 3415
1426 1831
1919 3093
1153 3602
88 157
2749 2759
875 3360
2181 3019
3572 3738
2078 3165
1526 2620
256 3145
820 1526
2110 2958
579 3037
1166 1575
1624 1905
381 2183
103 2741
2222 3072
2293 2553
1891 2948
2376 2692
1945 3395
1899 2572
1170 2291
929 3124
1899 2358
2248 3598
256 1974
1963 3761
1176 2678
1770 2504
2456 2503
283 3843
2675 3393
322 3027
118 1089
704 1376
2095 3700
2576 3901
2486 2637
1350 1377
1312 2202
3775 3969
147 1687
325 1773
77 1688
413 3652
2543 2895
1886 3969
197 2652
201 875
907 2394
197 780
1381 3654
199 811
1189 1653
777 2126
661 3119
2360 2455
2982 3906
207 2088
77 3843
3629 3929
2509 3650
345 2791
1868 2560
1094 2137
1050 3747
1853 3339
2639 3264
2572 3648
420 1870
787 3724
2415 3615
96 3393
1943 2410
553 1797
667 1216
1216 3974
1486 2110
662 3415
381 2973
256 296
1252 1518
209 3452
202 371
297 2504
1883 2394
875 2890
1110 1350
1286 2896
1675 2772
566 1870
1309 2834
158 2513
1584 3148
266 1691
1089 2724
885 2692
1141 1316
1362 1784
1708 3742
2766 3104
1427 3895
911 1286
1197 2143
1148 1953
677 2866
49 306
478 2504
355 1750
359 3919
123 726
413 2457
438 1240
1806 2922
1304 1338
2282 3136
1911 2543
755 1993
2447 3087
298 1427
1175 2920
1669 3983
1106 2107
7 2969
2014 3642
2869 3657
1407 2920
239 2073
929 1665
3183 3252
2300 2373
2196 3149
1616 3499
547 3942
1376 2895
398 3667
599 3006
350 3248
421 2756
359 627
1542 2738
529 1463
126 3217
1982 3163
675 2517
1018 1338
343 603
2394 2725
3215 3701
2384 2506
322 2667
851 2269
1913 2095
699 714
355 2474
709 2071
197 1164
885 2387
2735 3228
3304 3362
2014 2709
413 3839
1919 3983
1325 3087
726 1772
2864 3937
2962 3940
567 3326
520 3567
109 799
1083 1722
1031 1993
747 851
3473 3484
2922 3629
53 441
330 399
1381 1433
2025 3567
381 429
126 3037
339 399
2831 3533
1107 2822
1993 2652
49 2468
1850 2911
2251 2741
2415 2822
929 3946
1393 2583
870 1711
655 1570
3441 3557
141 1778
2352 3149
1766 2202
1463 1722
7 1642
1755 1854
1255 2857
1022 3089
346 2253
853 3572
45 1853
2446 3163
2968 3393
920 3895
1711 2826
1338 1705
1350 2529
156 2098
593 2253
2707 2939
2741 3428
416 3089
1906 3019
2916 3899
2897 3940
1854 1954
2637 3732
2147 3973
254 1464
209 490
1446 2147
3085 3508
1711 2761
305 2082
1711 2401
2326 3215
770 3484
1132 1891
3610 3983
1955 2834
122 1666
1275 2400
1934 3602
599 2095
202 3879
2637 2696
2884 3587
773 885
118 3161
1012 1853
381 2695
1905 3899
213 649
2082 3325
787 2053
1238 3290
3528 3940
1285 2498
1094 1329
2147 2555
1778 3438
1430 2756
197 1658
875 1936
3016 3837
467 875
1271 2282
980 1255
510 2834
629 2349
212 775
40 2664
40 2547
1711 2837
842 1589
40 2720
2555 3485
88 1670
342 1094
3393 3434
1804 2639
193 3968
753 1950
359 3496
743 3933
1052 2449
322 2389
2637 3929
101 1854
420 2553
1692 2202
1708 1714
40 2478
1867 3252
239 1058
1148 1461
817 3047
3684 3873
426 1811
340 2504
1385 1808
413 933
2267 2416
2637 2753
1029 3497
3252 3672
185 688
2071 3697
1815 1850
260 3572
100 1505
529 3960
2864 3266
2474 3028
1089 2517
748 1332
569 1093
3071 3286
2521 3557
358 3665
2368 3843
3160 3325
621 1465
3071 3155
2088 3197
1508 2396
1794 2088
122 3491
256 834
470 2147
148 1057
737 3161
729 1425
1634 2071
1180 1711
733 3899
726 938
2605 3016
1711 3568
1691 2633
2400 2604
402 2891
2303 3657
3511 3518
3650 3700
406 2383
1107 3819
1372 1856
777 2050
1785 3533
866 3415
3521 3883
100 2355
1778 3744
351 1393
2138 2834
202 686
1748 1993
1669 2202
2192 2914
495 2155
2570 2651
701 2365
257 2906
875 1690
2500 3899
1510 2147
726 3944
31 713
1013 1804
1237 3968
258 2637
2470 3089
1950 3134
2245 3712
551 2834
1170 1978
1352 2034
1711 3065
617 897
819 3937
1831 3667
1850 2046
1060 1354
2368 3180
1189 1374
2126 2400
2663 2748
347 3499
453 1427
837 1791
2474 3620
1337 3089
55 2396
202 1460
1573 3326
416 547
1850 3625
1094 2506
726 1705
621 3395
1425 2187
771 1675
151 2184
1373 2173
817 1811
2756 3172
651 2253
1538 2633
787 1948
2400 3961
40 662
11 1708
344 3485
31 2797
741 1542
2573 3937
1713 2239
35 1238
1323 2040
2896 3104
1349 1640
2322 3814
1493 2071
1381 2903
1711 3237
2264 2504
2493 3968
2057 3093
3364 3620
1791 3243
1644 3712
228 3163
2548 3034
58 885
23 1052
1778 3711
1082 2957
3290 3935
2674 3567
680 1608
2750 3325
2741 3963
2834 3791
1339 3326
680 2583
473 1381
2320 2546
1928 2760
2147 3177
1675 2201
1255 1546
726 1305
1056 2446
2027 2707
1465 3883
3252 3406
1987 3761
503 1691
226 3808
3028 3814
353 2753
860 2504
2982 3081
2071 2402
2147 3692
2819 3393
1727 3650
49 3946
2647 3575
617 2095
1140 2376
78 1391
98 209
789 1089
298 3112
342 1329
1093 1097
1668 3404
3104 3627
3179 3485
2707 3273
2030 3968
202 3684
822 2744
25 95
31 3026
2377 3685
2251 3701
783 2627
3087 3707
615 2412
1573 3968
1204 1843
1570 3565
565 2663
2088 3177
208 3149
1676 2351
2585 2857
1630 2155
264 1107
680 3090
562 2322
2356 2834
875 1194
844 2156
399 3226
1848 3528
446 2320
2396 2642
1366 3761
563 775
277 3572
209 1269
1752 3761
1419 2981
3099 3937
1371 3362
767 2637
1860 3674
53 1828
47 3728
78 496
1430 2891
2861 3239
386 2906
2349 3944
2247 2756
2517 3362
929 2148
209 1794
279 3629
1189 2663
909 2083
1256 2550
875 2299
1845 2710
1402 3266
1682 3163
1791 3728
31 1890
885 1140
2617 2741
2231 3959
1893 3968
261 2040
1419 1995
194 3149
1869 3899
49 3642
946 3710
1255 1895
3147 3497
1631 2798
268 3748
98 3051
1804 3650
1860 3520
638 836
1219 2231
1170 3616
1728 2664
1153 2147
2415 3246
1728 3486
1246 3142
156 1974
938 3899
629 1691
350 1620
277 837
875 1801
643 3239
630 1675
1214 3415
737 2282
310 3093
453 512
1427 2639
1694 2222
151 827
779 1561
1870 2859
2364 3935
1927 3843
122 2900
937 3713
3245 3809
491 1714
1049 3761
283 728
2567 3207
341 1750
1956 2871
3820 3958
310 1973
2529 2707
553 2117
1450 3710
1676 2289
1381 1657
148 3875
1644 2861
2651 2756
2071 3625
1473 3445
1304 2155
462 2982
2074 2081
1945 2614
1385 3814
2301 2387
2974 3808
2570 3525
491 2035
994 2415
318 3066
2245 2414
1538 3520
1372 2495
1542 2937
1615 2147
654 885
2934 3006
1728 3322
3697 3701
2707 3981
3560 3899
580 2570
1538 3903
1705 3899
3161 3168
1050 3064
452 3129
3093 3938
2801 3085
122 3601
547 1792
1050 1625
736 929
2082 2948
2251 3629
1313 1419
886 3602
280 1860
365 2920
1806 3284
84 2032
1107 2921
1176 2841
1222 3072
335 2014
126 3725
565 2884
1538 2466
342 2131
3602 3754
2867 3444
713 2107
360 1624
381 874
563 3122
2844 3493
1882 2074
1108 1348
722 3883
1095 1784
209 2646
1228 1505
946 3129
31 2135
1027 2555
507 779
1647 2933
362 2857
566 837
696 1616
1248 2112
680 3837
2550 2570
1518 2815
1392 1938
1784 2764
1806 3669
627 2147
808 3497
1082 3155
681 3665
1338 1625
2939 3016
1848 3312
2449 3450
1597 1950
212 2010
1644 2414
648 1973
2748 2962
660 1743
209 2366
393 2511
2267 2304
1539 3872
1711 2110
35 1729
1425 2241
350 2233
1156 3006
998 2507
1620 3557
1697 2400
1095 2637
777 1814
1691 2890
1728 1772
1364 2756
451 2202
421 3756
1378 2749
1971 3149
12 3484
741 1973
651 3499
1375 2755
147 3565
28 3761
2016 3290
1523 2320
1812 3089
662 1728
3179 3701
1691 2969
553 2023
2030 3701
132 3051
1027 3154
615 3610
1843 1942
1093 3192
406 1109
1182 2355
1332 1974
2990 3104
209 3356
1216 1752
3349 3629
1444 3729
1168 1860
1950 3693
2543 2681
2194 2325
3099 3499
1298 3426
82 305
1473 3304
617 1391
1486 2107
91 2773
1094 1106
672 2920
2998 3426
331 355
729 2498
1064 1653
521 2920
1366 3873
2570 3154
1057 2094
2052 3029
256 3198
1027 3669
1653 2678
1286 3788
381 743
1576 2370
2248 2828
1675 3800
1339 1743
1781 2884
3318 3761
209 1954
1396 2248
70 2585
1868 3707
946 3207
1811 3814
3129 3349
464 2303
822 1564
2248 3720
2669 2998
2370 2856
1338 3503
3129 3409
69 1853
2375 3969
1784 2900
473 1624
343 2441
1750 3080
2107 2430
1083 1728
1743 3361
1728 1954
1354 1797
184 1750
2316 3016
1675 3318
1871 2415
3602 3683
271 1644
1118 3165
3528 3551
1011 1414
425 1011
3149 3225
413 3733
503 3207
1127 1899
1384 3761
235 2517
177 3119
1458 3424
2566 3895
2074 2678
3090 3575
1729 2143
798 1942
722 3814
797 3104
567 2110
1407 2088
773 3748
2052 2494
1741 2245
593 2639
1870 2784
413 3605
1787 2996
1281 3578
353 831
109 449
1806 3177
2507 2861
2051 3728
177 875
12 1107
3534 3820
394 1165
54 790
239 279
1212 2570
754 2282
197 1544
805 1013
629 3129
2067 3746
696 3580
2529 3701
35 1648
2501 3026
688 2887
1248 2183
1343 1518
1944 2998
1156 2655
1502 1743
2488 3087
1845 3150
36 579
1845 3273
1781 1885
1672 2627
1338 3423
1518 2632
1374 2244
2998 3620
1520 1584
500 1945
2860 2947
3431 3636
2474 3564
2512 3066
1177 1806
1972 3477
1539 1889
3620 3792
1648 2751
665 1640
1804 1885
897 1486
1938 3086
1422 3415
292 1503
31 1553
1109 3163
1312 2612
4 1165
2326 3714
49 2148
1538 2402
1311 1354
359 3023
188 381
1265 2585
392 3222
1716 2351
1932 2071
3742 3875
343 2166
343 1634
1924 3048
1950 3593
553 1586
1189 3144
2921 3104
371 1624
2760 3776
1385 2182
968 3933
1176 1589
126 3425
536 2110
1838 3875
1064 2731
2731 3148
1869 3701
674 1722
1141 3567
1631 2162
3739 3761
1576 2860
378 2914
1331 1675
1868 2698
1381 1895
2704 3873
1730 2449
1688 3179
1640 2490
1696 2627
32 3149
507 1106
2543 2754
571 2993
438 1001
3058 3835
748 1013
309 1352
1938 2101
1444 3358
500 2627
2040 2983
213 2384
789 1204
805 1059
988 3575
1376 2722
2897 3347
1281 2112
2906 3696
2122 3710
1563 1675
1729 1943
1853 1971
1580 1853
1275 2418
247 3163
2163 3163
326 3599
745 837
1716 2831
2789 3149
35 3184
1505 1607
837 2368
1609 1899
689 2326
81 2748
1717 2920
1216 1585
726 1805
1848 3508
3222 3679
1766 2095
1676 1978
1662 3163
403 1675
577 1853
53 1694
547 1502
3629 3945
993 2700
273 2707
2303 3266
1688 2969
350 2539
392 3460
972 3087
1854 2961
1011 3713
1804 3407
254 2289
2099 3090
35 2692
2396 2444
1700 3034
586 677
2377 3700
929 3333
1645 3933
629 1176
295 1350
53 1608
2384 3227
2950 3761
3066 3311
2662 3093
1523 2384
885 2859
571 2796
1607 2074
393 2763
3340 3872
1644 3031
1853 2582
2553 3154
1204 2548
3047 3700
1668 3066
1643 3085
1856 3477
413 1610
413 3205
1101 1640
1914 3808
1784 3349
88 346
23 2008
3129 3714
43 3168
49 1024
509 3518
370 3873
1917 3701
2835 3003
209 975
3163 3800
2179 2585
2543 3289
239 3166
1812 1973
109 296
1683 3497
1093 1616
1801 2071
737 3168
1274 1708
929 2492
3112 3122
2029 2394
56 1170
865 2394
310 2637
1027 2840
3202 3969
131 3104
1057 1574
164 2364
160 3410
429 3809
1806 1869
118 1238
1691 3022
1850 2683
19 1811
995 1822
2074 3929
906 1216
3106 3938
2455 2572
47 237
1427 3371
1464 1465
1538 3560
1784 3520
88 2861
995 3705
1300 2202
383 1134
2512 3940
1312 3477
2258 3484
1425 3026
1486 3951
545 1050
174 2349
1518 2843
2933 3429
3167 3983
2441 2456
1224 2202
1713 3499
2675 2834
1990 3119
2360 2814
2379 3163
399 2668
875 1982
35 2573
2 1056
350 1384
1374 3603
350 3478
2296 2700
890 3252
609 1354
949 1806
32 2415
2870 3951
775 3392
399 3318
81 3534
2037 2376
2686 3587
1170 1389
481 875
1819 2920
1401 2570
507 1293
491 1305
404 817
1108 1486
1393 3486
2399 2415
1993 2482
579 2261
3391 3575
1064 1638
2627 3828
563 3224
356 2834
3415 3936
2083 2263
1571 3393
1185 3163
32 3087
2184 2980
2184 3072
10 387
2029 3163
232 1542
885 3284
496 3968
1675 2277
1017 3748
1728 3943
1787 2579
118 1616
254 3013
1393 2483
2461 3875
885 3674
2095 2696
1393 1485
1255 1983
1069 2396
1011 1866
2709 3602
2301 3942
1846 3636
429 3597
23 3003
1642 2570
2400 2697
814 2100
1853 3260
487 655
1798 3484
2296 2856
1214 1316
1570 1651
1367 1899
2093 2418
353 750
438 3641
651 1787
845 2861
10 368
492 2920
1542 2538
1930 2239
47 3477
1238 3521
156 2783
345 2014
202 1049
2639 2696
1624 3612
1675 3489
1132 2487
998 2663
1001 2095
1208 3484
3163 3532
1309 2202
407 1853
2756 2972
1616 3267
2570 2662
874 3572
76 254
2819 2920
1716 2678
1868 2043
413 595
2412 3164
92 3933
920 1352
1875 1891
2612 3112
1265 1350
305 761
160 1986
2553 3988
426 444
726 2036
443 1381
688 3249
50 822
2982 3004
3224 3227
1653 3775
23 3803
673 1285
156 2938
2281 3701
401 3106
3139 3415
239 3856
2010 2098
3665 3711
2449 3908
2265 2796
1572 3132
3395 3834
416 464
462 3180
346 3224
1800 2418
1640 2063
571 2211
2173 2573
1553 2407
226 2364
1747 3304
203 3444
360 2749
413 919
