3655 5340
1967 5340
2646 5340
480 5340
4130 5340
5340 6635
5340 6074
3281 5340
2213 5340
376 5340
5340 6453
4216 5340
896 5340
3104 5340
1782 5340
3524 5340
5340 6415
3439 5340
2964 5340
1292 5340
5340 5859
616 5340
5340 5748
16 5340
5340 6206
896 6759
896 1204
896 5711
4886 6206
3326 3524
6206 6313
6206 6772
896 3298
2379 3655
6206 6832
2006 5748
1490 6206
3984 5859
1930 2646
2964 5283
5453 6206
965 3281
3948 5340
896 5569
2273 4418
2479 6206
1122 5748
1189 1655
896 6911
4792 4890
1143 2964
367 4418
3281 5620
16 4972
2111 6415
4113 5955
1967 5407
1655 5340
480 5443
3104 3882
3655 6072
2213 4674
1057 5955
2213 3896
313 1292
1782 3903
2964 4231
896 3520
970 6453
1967 6008
1782 6030
656 3655
664 1655
1655 3996
2964 6108
4216 6423
890 6453
1292 2857
2398 5955
4764 6453
388 3524
896 4013
896 2804
3524 4238
896 6716
16 1121
1655 1976
1292 5567
1378 3524
896 2894
480 2826
3844 6206
1292 5650
1655 5114
162 3439
1072 1292
376 4864
3948 4997
1295 4985
2189 3655
1278 2213
3865 3948
1967 2680
376 1633
1967 5080
3104 5871
920 3524
4130 5568
3872 5748
376 820
617 1295
1837 6206
896 2332
5340 5955
2964 6584
4667 6453
1945 3439
1326 2646
3281 6787
16 2983
1870 4130
1238 3655
3439 6848
5029 6453
1362 6453
656 1563
896 1579
376 3768
61 480
1295 2322
1295 6415
3809 6397
1782 2536
628 3380
480 4123
3655 6326
1967 2745
2004 4216
1967 3242
1204 3038
1541 4418
4777 5076
110 3655
1594 4466
532 4742
4665 5029
3655 6618
4458 6072
2114 2213
1439 6635
2130 4418
2260 6957
2288 5917
2439 6074
254 6452
3691 6584
1617 5859
2507 3646
1303 6453
692 6152
1324 4638
3281 3471
3903 6452
3219 3524
3984 6686
4293 6069
1967 6395
3148 4130
480 2935
2646 5504
320 6635
1767 3520
4638 6080
1886 1967
1152 4249
3475 4301
641 4216
1097 1782
1853 5955
2260 4248
3104 3969
451 4638
896 2613
16 576
1704 3948
3520 6823
2772 6164
894 4436
273 480
1282 3380
555 3984
837 1469
813 965
2618 4216
2180 5937
1333 3520
535 820
896 6285
2260 6698
504 6313
1349 4076
692 3453
4313 4559
2379 5072
4418 5258
896 4009
2500 3753
2415 6946
4794 5626
2004 5812
2536 5836
428 3010
5283 6412
2179 3985
5671 5937
1687 2372
334 2006
692 5784
437 576
1933 3807
3380 5060
729 1088
2006 5846
3969 5969
2618 6601
6074 6436
480 4638
1867 6716
920 1118
3852 4113
979 2006
6276 6313
3010 3948
3326 3769
1391 6635
1398 4269
2646 4735
4418 5340
2339 2379
4559 6206
495 2473
1710 4676
1967 3881
3881 5923
237 757
5639 5854
6397 6635
1091 6514
2379 5189
5843 6074
5745 5937
5443 6659
1004 6074
3457 3923
4123 5888
1837 2343
1837 4137
1914 5525
577 5897
2556 4890
1659 4676
2260 2508
1805 3038
209 4676
174 2189
4747 5953
16 4962
1820 2677
1204 6257
3006 3668
1884 4747
451 6104
2544 3010
3771 4825
6143 6283
757 6757
3281 5021
3764 6074
1953 5007
2609 3691
1837 2658
2213 6333
5626 6489
2167 3675
4501 6743
3777 5602
2332 4834
2309 6225
2591 6030
1187 4638
4224 5639
1953 6196
1579 5483
295 6143
980 1541
4886 5743
2786 4985
1607 5398
1664 2618
2282 2874
3882 5951
628 5932
832 4216
3010 5591
1204 4250
2754 5258
2216 3012
1295 5135
3882 4567
1295 3639
197 2179
1886 6189
2680 6958
5982 6375
692 5141
5348 6161
1443 4764
2213 4436
376 495
2680 4350
576 5226
2460 3207
5797 6703
495 5286
162 689
1122 4226
1571 5996
1143 1357
29 4293
4200 5262
4777 5676
822 2804
709 6285
1855 5650
1560 3969
332 1853
2016 6313
61 4620
1930 5719
1122 4947
2167 6241
757 2314
3380 4101
2006 2395
3448 6030
73 1167
479 2132
4589 5239
2436 2638
4638 6450
1654 3520
2696 5955
1624 4799
254 4085
5522 6911
2216 2232
1407 2289
3238 4740
894 5203
1662 2379
2696 6139
5056 5693
3819 4564
692 6115
61 2012
1167 2145
1767 4262
691 2274
1861 4313
3220 4123
628 769
1541 5563
4747 6119
3658 4113
5807 6415
3104 4483
5166 5843
984 5569
244 6436
5759 6818
352 3112
4890 5340
5245 6946
1096 2416
433 6754
154 2416
3559 6870
2618 6007
5187 6143
3691 5720
4877 5569
4765 6246
4261 5890
733 5705
1933 3338
1712 2014
1821 2023
3984 4725
2500 4257
2767 3242
2322 4619
3882 6502
59 2772
2696 5333
5453 5779
1547 4777
3314 3384
5797 6546
3040 4126
3784 4262
4890 6338
6263 6338
1439 1469
2260 4451
745 4249
3425 3872
292 5076
983 5639
642 733
1143 3901
1426 3923
2815 5591
2500 5679
2995 4777
2634 3984
685 1861
2680 3197
753 6514
5304 6757
3326 5195
146 1143
4013 5093
1268 1295
843 5304
83 3882
576 3636
1278 5556
3923 4943
823 4013
4864 6579
4164 5258
2793 4985
152 1038
1075 3776
1624 4890
728 4773
1837 4749
858 5711
367 1293
453 5536
1860 4749
495 2839
531 1624
2857 4160
416 3872
1300 3439
3330 4377
1295 4139
2680 4082
692 4469
6071 6957
3524 6651
4730 6030
692 2119
3128 4972
286 3691
1820 4498
3767 4588
753 5537
152 5943
61 5017
470 4890
3314 5295
2719 5400
773 6415
5029 6712
2596 3903
691 1006
480 2163
5602 6263
2786 6711
675 1326
433 2603
1143 6530
3738 4113
481 2145
733 1231
470 6888
3697 6341
3258 6548
2613 4684
1976 5948
3637 3863
1156 4870
710 3258
433 2698
6030 6331
5398 6161
2125 3560
871 4009
931 3697
628 4199
820 6245
376 3166
2460 6749
801 3558
1585 1633
476 6676
152 3557
757 6633
3961 6401
345 5917
728 4683
3855 4747
1657 6584
1010 6759
641 6658
5251 5443
692 1846
5890 6104
4196 5569
3405 5204
6313 6987
1308 2234
2066 3210
2179 4113
1469 4876
3321 6743
2289 3392
1503 3327
4256 5283
2474 5258
40 5898
4044 6394
57 1167
4585 6313
1416 2268
2769 4113
4254 4387
3934 6235
1494 1986
4123 6055
4985 5726
3156 4656
233 5407
3436 6659
1837 3560
3380 6373
4293 5794
2175 3112
5973 6206
3495 4418
2642 6166
628 5698
3403 3433
616 5525
4843 5385
735 3010
2617 6108
1953 6692
1390 4976
577 1782
2273 3631
2680 2952
1469 3838
44 1324
3038 3991
578 6030
15 728
3955 6793
61 4576
234 6832
3593 4785
3212 5693
2133 6669
2011 3112
3244 5507
810 6401
1249 4777
1422 6879
2415 6901
3712 6326
5714 6772
3148 3972
3053 3955
495 3928
1986 3049
122 3258
1232 4777
1189 5778
2480 4013
2687 4113
302 3326
909 4665
455 1617
5381 5890
1953 6291
380 2688
1820 5202
2460 5642
1702 4589
1091 3004
2313 2751
1940 6604
1673 5413
3274 5843
655 1712
2416 3210
2642 5064
1974 6996
1025 3326
1143 5250
38 2618
2268 3974
2684 3326
5620 6051
664 2859
1330 4368
1390 3036
1953 6744
1002 4748
896 3357
4301 4572
5889 6397
143 4962
1953 5613
3579 4676
4368 6691
1097 1696
1673 6102
1845 5897
1316 4013
5138 6252
5928 6957
985 5507
1109 4262
2719 5365
2223 4962
2317 5425
3844 5511
4007 6069
4111 4747
695 5693
2231 4436
576 3321
1599 5138
3440 5443
2988 4689
1877 6848
3803 5857
3813 6651
4674 5693
2704 5971
1302 5548
622 4215
3882 5349
3512 5944
300 2485
2981 3730
5973 6438
4354 5650
1061 5563
3087 6025
3555 5283
826 2826
162 3358
4 5526
481 4313
617 5686
365 3084
5587 6423
2332 5297
1121 3499
2012 2913
1837 3282
3357 5218
1204 3432
2125 2563
519 4200
728 2147
5843 6106
5849 6597
2163 5170
1986 2715
2809 6285
3801 5857
1121 3456
230 3148
1712 4763
495 5390
1355 4650
4740 5635
2976 6072
3705 3741
3458 6263
4521 5153
4557 5304
2216 4049
1139 5032
2313 4274
110 3819
6263 6881
331 1886
148 832
661 2543
894 4177
4527 4812
479 896
521 5407
3795 6698
296 4638
3934 6456
3896 4829
2089 3628
2431 2696
727 5743
121 1313
6847 6879
3860 5413
3768 4742
2460 3615
527 2322
1463 2745
2260 4498
927 2479
3038 5816
4249 6074
2680 5306
4607 5843
1742 2698
5026 6147
1968 2680
376 801
1612 6848
1633 5380
4659 4890
2933 3162
2910 5729
2145 6921
3585 6676
5918 6952
5525 5541
1617 2389
3805 6259
595 5250
1192 6659
577 6394
895 2365
3629 4123
1477 2416
3297 4477
1432 4480
2522 3439
2704 2859
1810 3038
647 6143
1015 3380
2594 3636
3608 5554
170 2260
2234 3979
1827 3010
2826 4223
3896 4918
2267 3432
6230 6285
2679 5105
3070 5973
2415 2520
3408 5632
3705 4513
4183 4708
614 3741
3566 6206
1063 1362
130 5537
134 5631
3539 6080
1460 2006
3798 6284
123 664
2273 3163
2430 5535
2536 6301
439 728
773 6368
946 2740
5797 6050
1450 2594
3380 3817
2655 3219
3941 5898
1025 3941
3279 6365
3489 4387
603 4738
737 1604
3107 4113
2915 5537
2109 3128
775 5933
2489 6881
1381 2004
965 1236
2696 5235
3776 4456
1357 4181
757 2255
4217 6698
1678 6832
1349 4045
2243 4066
1849 5946
1391 2311
367 3179
1928 2396
1945 5246
3345 5982
2066 4825
6137 6263
1311 1419
535 6685
11 6557
1939 6246
3852 4477
568 2474
853 5787
3314 6498
3768 4020
4013 4128
1555 2243
3354 3882
837 2893
3245 4215
3807 5582
1849 2859
2536 3192
729 6329
595 5478
1362 1992
6652 6743
2160 5204
2745 5469
2792 4043
1399 3006
3500 5138
4249 6249
1087 2002
728 1788
2804 6955
2647 6869
3075 5140
1899 4128
6299 6395
592 2398
3712 6756
206 1232
970 3582
970 5787
3970 4157
2988 4694
1921 3708
1212 2983
6360 6836
3513 5890
3148 3218
685 6122
1357 4785
584 3697
799 2489
3906 6030
220 5436
44 4790
590 6196
891 6415
2278 4527
2110 5136
3955 5120
3465 5871
5366 5958
5787 5792
4579 5537
5066 6374
1670 1833
2928 6946
558 628
3974 4852
4076 4534
5029 6381
644 5502
5937 6274
109 324
3897 6143
4418 6401
4092 4843
820 3511
1138 3860
1634 5139
576 2035
3087 4472
1037 4335
1754 3923
292 4635
4689 5993
4262 4535
3764 4395
165 3471
1810 4740
815 3163
1303 4404
1386 5501
4902 5153
1795 3337
4559 5440
1337 3212
5351 5921
6246 6912
1187 5131
953 3298
1964 2416
2216 3342
1451 3860
1170 2126
5937 6372
4013 5762
5720 6003
856 3989
4602 6832
5969 6517
3217 4392
153 1303
3276 3630
5657 6094
843 5590
3946 4183
3875 5853
3156 6465
3559 5966
758 5740
2145 6100
333 1933
6384 6651
3029 4572
4659 4894
685 2782
1007 3846
313 6071
3969 5160
329 4674
1031 2594
1283 4659
1150 5453
4559 5377
733 3298
1464 2234
3703 4133
388 2884
4473 6826
5797 6222
1905 5540
1061 4733
1930 2083
1074 4313
2147 4454
597 5080
1873 3245
4749 6901
1204 2372
3162 5409
3768 4694
5885 6503
369 5169
2268 6834
728 5537
3252 3874
5504 5687
120 4557
2145 6913
695 4150
267 2941
1241 6605
3680 4689
2522 4995
5949 6084
4206 6664
1488 5104
1201 3297
122 5190
89 4390
133 4123
882 3773
2237 5917
2891 6436
993 4559
948 3085
1633 6627
533 6703
5178 5755
3838 5491
3283 5140
6402 6817
2443 3705
4132 4943
602 4267
3391 6313
2826 3760
979 5565
664 6204
1541 4865
3768 4582
432 3038
2363 3644
498 656
4128 4194
519 6501
3326 5200
320 6026
1469 2796
5178 6514
373 3283
3175 6161
1780 4966
592 5668
2096 6921
344 1341
1309 4765
3109 5104
1678 4610
1292 4293
2838 5283
2365 5377
3010 3111
5907 6157
1870 3493
1378 4835
1886 4361
4044 4500
710 5897
4167 6774
5867 6930
268 1174
5239 5508
2712 3777
1662 5073
774 3477
3428 3783
4780 5104
2987 6452
2293 6739
4718 6106
4167 5169
251 1337
2432 3233
4674 5616
6569 6579
3854 6338
5525 6840
4638 6347
2110 5030
965 2956
3905 5188
3582 6185
1278 4482
473 2432
664 5786
1104 2372
5640 6823
3563 4045
3155 4164
6452 6726
773 6427
433 5105
5223 6003
231 5569
746 2181
1349 2709
3242 3793
2669 3298
891 2160
1281 3777
647 2629
4672 4825
1088 3004
406 1232
495 4640
4508 5105
4506 6132
815 5351
5590 5851
2928 3075
2874 4274
1833 2934
1551 5114
1014 1927
2983 6146
677 5948
420 4335
1398 6445
641 647
1921 5771
2283 5973
3566 6374
5673 6931
3638 6206
120 727
91 4160
679 6285
2522 3336
20 5283
1914 2168
1953 4150
2736 6338
2772 3252
1668 3477
91 940
2096 4390
453 5187
3386 6952
4150 5079
664 4504
2578 2704
6108 6296
1113 2914
2125 4308
4674 6488
1116 4626
4747 6358
662 691
2168 5305
2045 3649
314 6069
4926 6436
923 3324
433 5955
5937 6216
3619 6080
2113 3852
5711 6837
751 1809
2551 5306
1991 4301
873 3923
2111 2647
155 726
4747 4848
4890 6246
3486 3874
1914 6121
1967 6676
583 3238
1611 2339
2874 4427
326 6618
1853 3399
717 4085
4676 6123
2696 5517
2285 4764
6258 6798
3408 5998
6798 6946
153 4450
628 5131
1930 3109
5030 5452
59 824
1278 2304
2772 6402
4033 5114
230 4988
644 5843
599 6792
691 4012
1976 6702
1582 2132
1623 6525
2500 3232
698 6886
2562 3258
26 2282
4376 6263
4258 5848
3495 3923
2013 5792
292 2273
171 3585
5409 6581
5937 6487
1692 1868
2411 6224
691 3668
1930 6094
751 5736
692 5073
152 1292
3191 3923
2826 6581
121 1779
3555 3749
2516 2786
1658 2111
775 5304
654 4559
171 3637
635 2289
2405 6301
864 3500
858 3986
4810 5882
3650 4123
4387 6980
4333 6182
2313 6759
2796 4405
1663 3031
4851 6596
4016 5774
1514 6301
1895 5648
1589 4077
753 5237
2704 5580
2344 2672
836 5920
1951 2096
2012 4511
4876 6392
4441 6030
801 3368
5282 6235
1318 4966
2414 2642
3975 5066
2167 4201
122 3949
1106 4997
44 4703
1451 1837
2857 6826
106 2288
433 5758
5179 5569
5465 6735
557 4215
2612 6147
1852 4335
2070 5904
4396 4776
3996 4219
2089 6790
2268 5955
273 5642
2696 3824
1755 2953
4448 4747
3426 4368
2147 2370
319 5954
9 4128
750 5296
894 3416
741 6412
229 6737
1330 6957
2484 5973
572 2786
3882 4267
3024 3219
1517 2162
3066 5361
5213 5711
2796 3252
5990 6864
1951 3816
2093 5587
4210 5951
4297 5082
1875 4589
4203 5508
6072 6182
771 5807
2772 3800
3776 5930
2179 5905
691 980
3467 5587
2456 4046
1774 6196
954 3996
3829 4776
1820 4206
3955 6071
813 6065
5826 6509
4534 5533
1472 2494
3579 6392
4113 4621
1170 6302
3309 5774
2207 3872
2901 5763
2289 6344
3210 5773
4402 6676
4808 5969
2189 5995
2210 2276
1091 2996
1463 3846
301 2518
2613 5403
365 3705
1703 4368
2760 3513
5402 6557
134 388
2978 4508
755 4391
4336 5400
3649 6384
4509 5064
625 4164
55 4974
3977 4303
6186 6946
2780 4368
80 6957
1341 2111
121 1494
1813 5394
2982 5453
5593 6164
3686 5654
2493 3566
2263 4231
3368 5138
4520 6069
3233 3415
4099 6412
554 2434
402 6250
1788 6220
2883 3703
1909 4390
900 4192
2551 4702
4626 5609
731 2769
3489 6420
1365 5139
945 3587
428 5426
1378 1752
6030 6355
1624 1694
1295 5519
3774 4776
3675 4442
280 3010
473 6206
3695 5170
191 5017
1002 5169
229 6776
3934 6609
365 3083
1921 2147
174 6884
1077 5797
823 5799
3352 5855
4598 4764
273 3473
17 3871
4303 5093
1202 5190
1974 2443
86 6652
2151 6555
4930 6848
1231 1246
1920 4552
2340 6604
2196 3408
5123 6873
476 6938
3027 3231
116 1053
5788 6054
4816 5129
1610 4776
4 1875
2447 4572
1290 4078
4450 6176
2279 3984
4799 6722
367 3337
3693 4144
3079 4113
3985 6487
4940 5126
1087 1603
2148 5857
2993 3297
2585 6286
1312 4088
2004 2277
877 6164
3509 6637
882 3730
2328 2688
3161 5936
1039 5677
1057 6125
106 4158
2981 3192
2893 3384
357 5882
519 1748
57 6755
1345 2222
4537 5644
3112 6220
3372 6885
3448 6737
2918 5587
2716 3010
1852 3220
918 5554
457 4377
5432 5889
3908 6823
311 3477
6444 6729
958 4794
1490 4230
1390 5620
1186 3733
433 763
29 5513
728 2851
1488 3146
2133 2279
4638 6050
4178 6994
5582 5878
2857 4371
1674 3900
595 4078
5123 6994
4297 6147
726 5207
822 1311
2930 3070
517 1164
1589 6030
5105 6464
3648 6344
1846 5329
3283 6387
3476 4297
3194 3298
280 6159
2572 5045
1091 6527
1656 4019
4507 4589
1626 6677
3515 5063
2130 2614
1661 4906
1249 3085
1921 2921
3908 6661
1154 5874
4997 5507
1955 1974
1132 6003
333 6514
3684 4113
2082 3324
2719 3099
2910 4268
801 2386
1189 4778
3349 5685
1674 5569
2110 5421
894 4883
2175 4470
2375 5051
4012 6114
16 5917
1870 3068
4586 5153
1096 2767
2919 4250
4224 5998
4976 6506
4785 5169
1611 5227
1326 2547
4762 6447
1867 5835
199 451
4130 4227
2232 3297
1490 3698
2110 2689
2147 3194
1047 3644
91 4974
6574 6843
1100 6677
367 1669
839 2110
2066 6079
1031 4843
481 1940
813 4675
191 4870
517 5513
3475 4791
3437 4517
3974 5673
1059 1391
5533 6735
234 983
2518 6301
2243 4965
391 4335
2342 3991
4764 5270
891 4554
2470 4082
728 2465
890 5457
2893 4855
2740 5677
2200 6618
95 2342
1532 6156
1490 6365
990 6952
608 3845
3794 4714
720 5443
1122 5109
923 970
2453 4283
280 1509
1249 4627
149 1180
4799 5996
1521 2874
1813 6292
332 655
2273 5296
727 6794
433 2293
328 895
625 5788
2288 4738
3697 6204
959 5891
5836 6416
5848 6897
1505 3822
2430 6279
4938 5349
3776 5542
313 5449
2902 4638
3278 5021
2812 4013
4990 5185
2918 5497
1664 5240
592 3422
4526 6836
1437 5117
3651 4765
455 765
3640 5831
661 2169
2856 5893
3330 5639
4877 6033
664 2366
2714 4283
2527 4600
1962 6686
3128 6795
1251 2398
4727 6864
3078 5263
5656 6033
189 4945
1436 3755
438 1926
2037 6557
380 3590
2259 4366
3614 4478
3242 5383
4142 4387
1138 5446
1289 1657
1863 5321
1673 3446
2696 4055
932 3594
602 1447
901 5321
1559 6525
2621 5944
1180 1693
2379 4707
655 4548
1992 6845
2573 3906
979 4114
2872 6086
617 6126
6288 6836
2222 3519
554 854
2383 3644
3798 4670
230 6671
1135 3130
4518 5488
4980 6925
1170 4572
5029 6353
1037 6729
2216 3420
2742 4714
3722 5066
1692 5258
658 1914
5032 5176
4015 6669
978 6605
3557 6076
2695 6459
2247 6439
4100 4259
896 2110
2220 4676
565 645
3179 4507
2173 5518
2493 6385
3755 4852
3949 6161
1811 6401
3837 5605
802 1412
1375 6697
3040 6085
310 3061
5971 6598
859 1601
1075 1376
1664 6525
236 1518
753 5518
2113 3275
585 6246
509 6559
443 748
744 3151
2456 5981
596 6552
1098 6765
614 1809
1268 5255
2588 5245
2432 5013
5359 5651
125 2901
3970 6548
737 5160
101 4182
4531 5525
3159 5944
1679 3399
2145 3125
59 6428
577 3341
1315 2487
3178 3354
1137 3297
6086 6124
3244 6976
77 4442
1118 5067
4403 5135
220 3112
4588 4670
5427 5619
5127 5688
2004 5337
2795 4893
2432 5494
5796 6671
3660 5951
11 1241
2437 5258
732 5781
2596 6697
4259 6599
1075 4769
2113 6594
3147 5013
4998 5066
5059 5657
53 5270
16 342
755 6416
1322 1393
3283 3907
2068 6276
1986 5657
55 5126
973 6716
4823 6338
509 5587
1880 4082
2962 5871
2964 3428
617 2052
1582 2883
2901 6852
1336 3917
3895 5296
4249 6864
2831 6017
3251 4689
1777 4729
1436 2502
478 3730
691 3121
554 4753
1563 5025
603 1080
3130 3544
4766 6744
656 5982
2541 2911
5790 6873
2754 5174
4107 6398
6263 6549
152 4540
3081 6686
3562 5554
3027 3935
191 4546
1737 2930
2789 4305
6192 6869
2754 5829
2869 5104
5105 5795
177 5421
588 1174
3771 5683
1315 5305
3500 6769
2289 2888
4167 5930
3583 6646
3173 3644
1219 2745
565 5604
878 4167
1280 6368
313 6570
1602 3006
1656 1943
2311 2879
1062 1098
1895 2267
5350 5591
1121 3360
189 6054
1813 4327
403 4123
865 6465
1116 6295
4390 5132
2172 4186
3015 4182
5479 5510
1355 3831
2613 5551
778 5718
3090 3109
2805 4858
1463 4906
528 6930
2734 6392
3952 4379
2120 3178
4866 5569
6164 6995
525 5897
2231 4566
1413 2432
1953 4463
970 3517
1279 3027
6122 6850
773 6856
3349 6196
3872 4888
152 419
287 6316
568 2329
3989 4890
1302 2438
563 3711
3178 5600
3768 6250
1154 6416
2813 4867
2192 3810
2489 4478
3388 3807
4043 5718
378 2389
5351 5626
2933 3124
1502 3914
455 3483
2948 5380
2317 2508
1128 2614
44 4741
4697 6439
3382 5971
4901 6259
1799 3341
2679 2758
3476 4702
481 5733
2012 2387
1938 4342
5165 5973
22 5616
3272 5970
855 4864
1307 6913
1312 4826
597 3131
929 5616
2621 6946
2079 2519
2489 3481
729 3460
1471 2168
2695 5824
1943 5946
28 4985
168 689
737 4817
2247 2624
3316 3746
578 6589
2914 4086
1561 4707
717 4330
2954 6816
6390 6623
4269 5926
2594 3772
241 2112
2000 2551
1852 4867
518 2740
672 3691
4770 6465
853 908
2666 4794
608 6981
5235 6802
1694 3480
27 1799
5087 6377
3658 4964
4039 4857
431 2611
1511 5591
2289 4273
1010 1878
5096 5890
264 3921
1187 2219
3997 6250
495 4298
4985 5051
810 5759
3327 3439
4016 5899
565 1751
2132 5460
568 3064
721 5632
3863 4372
3084 5875
1225 3489
3640 6139
2199 3343
4145 5558
1102 6397
1953 6193
2717 5223
5304 6300
232 1057
3640 4387
1234 4980
1170 6238
4334 5207
6558 6842
232 2572
1545 1875
2566 2933
4379 5401
906 2782
4781 6677
771 6900
775 802
3634 5693
1655 4183
5387 5846
2110 5959
3210 6366
1921 4958
3480 3899
817 3312
1118 3883
3376 6069
108 6499
2314 6657
743 5649
3302 3708
1214 3197
837 2418
3161 4488
5331 6069
4638 6572
110 3309
954 1478
2254 3608
1813 4524
5420 6152
1642 5982
2012 3935
2049 3426
3657 4050
3041 4346
2204 6598
5501 6860
87 4888
286 4240
1625 2238
2436 6635
2447 6279
3872 4233
269 1813
1493 3391
1261 4634
3382 3919
4544 6831
3543 6051
194 1451
4361 4912
268 2189
3878 4776
1152 1818
4610 4961
472 1268
1405 4020
743 5536
836 1878
1632 6703
669 1116
1248 6203
645 5066
4408 4725
1799 5419
1014 1843
5229 6235
4417 6957
2583 4630
1766 2698
2307 6295
3803 6623
1611 1626
2587 4930
984 5839
1092 1673
621 2216
2522 3917
641 3921
2087 3985
4467 4776
1961 4330
1253 3016
3124 5818
313 2546
2189 3918
4643 5643
2806 3355
986 2328
4187 6287
3093 6129
1591 5648
595 851
505 4436
945 6695
4735 6445
64 4765
761 5787
751 1924
4537 6726
3630 4769
918 1104
592 5845
2009 3582
1612 4176
964 2049
2516 4336
819 4678
320 1207
904 1849
2147 2979
3549 3918
4673 5111
3998 5996
1986 6460
1008 2089
4275 6621
355 2704
1367 3475
262 1873
2082 3942
2372 2917
1431 5874
6212 6338
2511 6730
3161 3953
2199 5426
546 4283
3019 6086
2712 4913
1399 2673
5752 6864
3854 6061
2795 4753
4354 6406
1962 2589
1749 3406
300 758
1837 3451
1114 4191
3958 6864
920 2201
4161 4493
5747 6412
1818 6695
2883 6259
6049 6344
663 4511
1805 6994
1542 4771
5413 5729
4480 4559
2679 5614
1713 2156
1167 5366
1232 3829
244 5454
1945 3462
4529 6692
87 1017
6070 6579
608 1418
4085 6910
2874 3592
1398 6369
166 3405
5659 6557
1928 4305
1006 5489
1192 5361
1349 4419
4513 5458
162 276
1887 4761
3357 6390
2546 6638
2125 6808
1261 6196
984 4401
4120 5179
4591 6779
1137 5155
158 5767
3644 5926
4562 5409
2649 6446
2321 6557
1720 2073
3073 5616
858 2388
184 1432
342 3438
2770 4921
5434 6230
518 2642
2758 4713
2252 4821
2156 2686
1663 4398
1365 5653
1524 3798
813 888
2806 5801
1419 5634
838 4548
2020 6072
153 1833
4647 6670
3650 5085
2151 5882
24 4336
1118 3262
1604 3247
1777 4640
3184 6381
77 2666
3312 6628
19 4980
5355 6542
1508 4775
2151 4260
803 1074
287 2243
2052 4965
876 978
4529 6493
224 4674
646 4980
1404 2434
288 2317
2828 5488
677 1186
2263 4922
3161 3869
3872 5006
4794 5709
987 2859
2070 6885
6005 6838
4539 5812
2349 5614
1091 4331
3388 4414
1138 6272
879 4961
1488 2833
4805 5786
1416 2448
4143 5733
1603 6234
1118 2877
5 6080
4037 6333
5402 6985
2228 3370
273 2653
990 5639
2928 3522
2506 6931
5108 5254
2379 6317
4764 5855
2442 4589
1496 4003
4851 5752
517 814
365 4285
4586 5857
5066 5547
3433 5361
1836 4582
23 5200
2391 3857
4485 5087
3179 6933
2307 2752
257 2854
1632 4726
705 4564
2651 4144
6670 6803
5900 6402
392 4995
815 6748
3409 4684
152 242
1161 5563
3729 6176
3852 3932
3413 6557
5002 5305
1418 2086
826 4513
2512 2617
2687 4144
389 6395
595 5558
3860 5034
644 6490
5499 6911
694 5066
3438 5654
6297 6302
1870 2579
5139 6505
1582 2091
3846 3877
4358 6627
3478 6597
3031 6372
936 5365
1676 5590
2298 5554
5142 6873
5062 6814
1327 5029
6232 6402
1349 5461
810 2008
4970 6392
577 1242
3908 4814
1747 6163
4261 6029
1320 6598
2049 2605
1562 3679
5407 6049
121 2455
3632 6735
490 3252
2839 5844
5287 6952
4418 5652
774 5351
2772 5343
289 5060
267 3111
539 1471
691 6699
5704 6094
2494 5914
505 6443
3434 5554
2466 3338
72 6667
2487 3195
823 4000
5333 5386
1288 4021
915 3631
5083 6739
6467 6869
5801 6774
380 3485
332 3879
798 6652
2629 3569
1920 4517
813 5860
4378 5829
1579 1725
4289 5397
1312 6828
670 6319
2189 5480
3205 6659
3117 4683
2634 6684
3165 6326
3129 3567
1382 4602
171 6067
1170 4257
109 5032
2133 3168
4676 6557
101 6594
4749 5046
866 3012
1211 1754
90 733
3277 5767
4909 5379
1883 4132
1118 5291
3974 6128
1702 6238
639 3393
629 3901
4319 6013
1322 4738
850 2792
5087 6282
2310 4527
1119 3496
4682 4916
124 3949
2629 3267
1346 6856
1032 3773
2297 5426
172 4627
3470 5073
4831 5774
2631 5139
2127 6940
568 3742
1179 2024
1119 3664
1650 2145
5379 6817
877 3454
3257 4083
1180 4682
5513 5805
581 2468
1565 3598
2328 2507
3131 6876
5998 6710
2415 5129
3950 6885
6692 6972
3606 5072
948 6714
1549 6512
2551 3933
3954 5426
3276 6656
2854 4249
3415 4686
65 602
4031 6633
2633 3558
52 2328
1362 4614
4591 6683
4870 6379
1037 6060
4794 5696
2874 3721
1795 4505
6219 6558
3155 4153
2520 3862
722 5631
2504 4441
1102 2422
3023 3272
269 4180
2712 3067
3601 4699
5131 6554
1007 1910
126 5649
185 4554
2629 5335
670 909
5239 6485
3483 5102
1720 6548
864 4515
1600 4270
636 2914
4113 4283
2178 2933
702 6815
1559 3570
3800 4367
1329 3232
1021 2267
1904 5847
244 3143
3657 6163
5139 6511
2367 6512
1236 2328
2107 2945
96 3711
3443 5380
1077 2789
1465 4230
2800 4449
2984 5524
1027 1873
5221 6447
2493 5767
524 1442
713 3771
220 2102
2902 3546
4390 5431
4622 6547
1327 3372
2676 2758
2432 2444
3711 5043
1995 4480
3969 5263
2307 3344
2048 4979
4676 4813
918 2468
232 1652
2203 5138
4255 5508
1398 6797
1765 3989
2178 6286
5423 6823
2544 6234
3390 4336
4845 5880
230 4811
5486 5836
5073 6681
2098 5631
556 6301
1044 6395
877 3567
929 6202
1679 5981
2477 4548
53 4187
1037 6323
2088 5508
2596 5163
3641 4329
4006 4537
1301 2551
3711 4756
151 3760
2234 5859
3970 5173
2358 6938
1349 4532
125 1828
3012 3394
2456 5274
461 2344
5000 6026
2673 3761
745 1934
5409 6566
1298 1551
3400 5944
748 3961
837 5894
4821 6873
1656 5912
438 707
2526 5963
1284 3384
976 1540
724 2370
906 1813
4970 5643
2675 5897
3050 5165
2906 4019
1647 3489
554 4281
1778 3087
1849 5564
2869 3469
1560 5369
2498 3336
2719 3115
28 4493
4323 5797
44 552
3359 6850
5150 5954
5540 6833
4403 4966
5648 6644
1713 5514
3931 6129
3706 4930
803 1854
5896 6258
4192 6014
5185 6322
4723 5204
965 1959
494 6272
3156 6236
5790 6092
2862 3238
2411 3018
1722 2709
698 1017
2587 4192
149 6708
1258 5138
5266 6402
1666 4128
589 1337
1447 2701
1953 3241
5507 6741
3872 5776
1921 6634
166 4837
5053 6757
1387 2256
3910 6692
151 1045
4909 5763
3819 4744
2480 4609
693 3559
4760 6886
4307 6922
682 1943
1269 4451
5139 6745
450 1502
4181 4625
361 3272
4593 5835
3203 5778
3269 4526
1713 2436
900 6568
2224 6554
2207 5211
5619 6099
3575 6879
5713 5898
2222 4904
4019 4244
3523 6922
2702 4151
1231 1410
601 5998
1888 4513
5418 6903
481 6593
5604 6207
1090 1419
2074 3860
4164 6764
1707 2769
1147 3489
1253 4651
4278 6289
3563 4036
1312 2804
1670 6564
305 6069
5564 5622
4349 4513
1738 3192
592 624
2121 6302
261 3857
1467 2953
3846 5062
4078 4302
3349 4732
1797 5616
758 1951
319 890
853 2584
2744 3760
1620 4780
5767 6636
1034 4392
2681 6626
2395 5185
4134 6940
3241 6059
2910 4897
286 324
4043 6723
3042 3353
2137 4082
5618 6557
4133 6463
3620 4833
2328 5942
477 6263
6030 6237
4362 6625
5537 6101
5700 6489
3978 6686
1434 2629
2786 5342
5188 5779
2399 6242
2393 6163
1617 5865
1453 5493
185 3679
918 6838
3882 4432
150 5938
2519 3360
2259 5141
1240 4213
3085 4699
5073 5980
818 1846
5150 5332
41 2328
446 6774
881 3132
5480 6226
1565 2896
594 1938
710 5651
1206 4527
336 6164
74 450
3826 4279
269 2849
196 769
6142 6299
554 1831
2432 4673
976 1285
2145 5149
3979 6086
2387 4623
960 1229
2628 6313
1349 2604
853 5339
152 1873
544 6870
1098 3881
2920 6852
803 6992
2946 5392
4558 5733
3024 4650
1086 1113
1483 5200
6126 6458
5400 5401
2631 3833
3349 6093
3657 5449
3275 4512
4110 6447
130 2774
453 4880
509 4857
3985 5827
1959 6503
1957 6181
139 5109
1365 4984
3737 5648
4738 5637
2990 5070
713 3681
3769 5949
1114 3229
2015 2470
3563 5426
3515 4233
1432 4547
2101 2479
2945 6171
1357 6225
2434 3606
410 1201
108 6932
4908 6404
654 3095
1720 5244
1799 5180
6270 6284
246 1114
733 3052
2301 5518
2729 4155
1891 1898
5086 5213
530 1482
5554 6424
753 1387
2012 2567
528 738
3687 5100
958 2580
6447 6559
5194 6388
64 2032
1247 5616
4678 6795
748 4319
1574 5648
386 523
771 6925
6588 6670
2767 3594
1392 2538
34 3523
1502 5711
2977 4831
5442 5996
929 2543
688 5122
292 1714
1395 3112
2526 2665
2561 5936
3708 3886
1894 6316
2266 2910
1217 3280
3644 6472
4150 5316
1720 5033
860 4043
395 4767
736 6505
667 3803
1489 6378
3092 6480
1417 5272
3396 5869
1116 3088
913 3511
145 3018
432 2215
2827 5726
2193 2782
4626 5961
5662 5974
6330 6447
661 2230
2090 6148
2108 5383
3343 4680
3976 6237
432 2581
3396 4988
1946 6154
235 799
2584 6983
3359 6256
409 1508
6129 6698
3207 3450
2789 4978
5078 6849
5736 5753
5114 5935
825 1375
659 1760
5907 6244
2145 5744
1633 2247
3708 5581
1314 5733
4713 5466
769 2377
3520 6815
5491 6640
1800 6605
2755 6050
3887 3949
2405 3395
1862 3675
485 4678
2937 5673
845 2743
3233 3285
1849 2412
950 4776
1502 5498
3903 5509
4630 6834
137 5255
5133 5428
1018 4555
634 1465
1077 3572
1240 1426
35 5365
2910 3673
2086 5628
2824 3506
2991 5799
1324 6896
1750 4734
4278 6026
1627 3483
3823 4260
2559 3500
2113 6844
4393 6176
3109 6254
1061 2766
1197 5066
2434 4787
4748 6767
2750 4085
121 6053
28 4590
174 1235
2775 4161
3149 3476
450 6583
3641 4005
6371 6381
2040 2162
1935 2238
3381 6969
735 1485
2631 3793
2224 6281
43 5673
4151 4888
568 1773
3002 4159
932 5963
1450 6179
5598 5733
717 4023
4387 4810
268 5238
2533 6017
3450 6574
6470 6669
5387 5548
1989 3771
847 1192
1760 5839
5620 5891
1419 5027
815 6063
5291 5472
984 6782
4912 6827
829 3705
1099 1813
2218 6590
106 3118
824 1996
1303 5892
2910 5298
3549 3670
3776 5655
354 2948
505 2100
317 5853
4092 5355
1307 5718
2457 4023
987 6144
2821 6256
112 1853
116 2910
1544 3489
6003 6247
141 3041
5140 5477
734 3862
5937 6041
295 1859
1267 4855
4319 6944
741 5910
2186 4539
1706 4043
2222 6556
368 3475
6812 6891
2928 6483
842 3432
2401 6570
561 6836
430 1502
4588 4915
663 1565
5107 5705
5421 6930
988 3949
6133 6577
560 5651
3720 4036
285 6756
1261 6058
4263 5153
551 4405
2604 3832
623 5010
267 5701
1461 2611
2749 6164
190 1613
666 2391
1123 2978
4241 4566
2831 3255
2101 3288
532 5020
1014 5188
1905 2316
1754 6609
117 602
5671 6973
332 4761
2954 4995
1039 6978
3846 4747
1613 5836
2658 5727
463 5111
1968 2134
1775 4167
5767 6865
3203 6836
2962 6386
1985 6377
137 883
365 3227
166 5064
3782 4350
4830 6115
5056 6318
2124 5625
2427 2884
2950 6942
639 2453
3535 4694
2044 5685
730 1818
3890 4493
856 5947
1159 6868
4304 5170
614 2171
2038 6285
2914 6940
5130 6293
292 5666
4730 6871
4733 5989
1051 4490
4806 6585
1746 3900
5647 6864
3432 6812
3077 3852
3813 6822
1755 1826
3813 5612
5968 6552
236 3997
4692 5285
3671 6928
778 3229
2944 3162
3280 6161
4229 6441
1685 4478
3970 4212
5800 6743
2874 4364
1814 5853
4722 6344
4832 4843
853 1649
585 6154
186 4572
1724 5563
3774 5524
4319 6914
3303 5400
4857 5557
1923 2253
5098 6916
458 3970
2145 6282
5019 5539
5495 6332
2089 4354
890 4415
1578 4769
4281 5965
1728 5150
1285 3266
1740 5745
1271 4273
2873 4938
1885 3587
3568 5839
870 1698
1041 4871
3505 4590
1368 4294
2069 3596
5317 6793
2238 3520
288 5992
5265 6129
81 614
1522 6022
363 6365
1811 4200
3441 4799
2954 3964
5010 5548
3495 5194
3875 5630
4685 5900
2083 4862
727 5069
4461 6154
456 4449
3116 5279
359 3813
138 2631
3040 6256
2715 2903
4729 5205
545 927
6325 6621
1550 6852
1989 2538
4185 4203
3023 5185
5685 6670
426 4319
3786 6085
1213 5296
1148 5323
2704 5338
597 5702
2350 4527
175 1311
793 4132
3648 3909
4847 6579
102 1485
1467 3730
49 4128
620 6245
4053 6238
2083 6312
4679 5019
1475 6662
4148 6022
1759 3084
5961 6925
928 2349
5617 5897
245 2901
1895 3710
3744 5767
3151 3391
72 4353
3986 5561
4771 6007
211 4498
512 5435
4924 5641
51 2830
1829 5591
3740 5050
5543 6530
891 4156
1658 6343
1450 3847
1094 5029
1298 2181
625 5084
2240 3031
2033 6604
1645 6114
4626 5938
247 3284
735 2668
710 2785
4282 4515
2678 3053
579 6719
4449 6556
4700 4718
1019 6116
3875 4346
2805 4271
473 874
1420 6340
1321 4972
461 2705
3582 6449
2825 3266
48 59
3278 6760
4479 5944
6576 6584
3767 6829
2993 6116
1224 5591
2388 6496
4432 4561
806 6054
1755 2018
777 2746
5394 5471
1841 2396
4449 4717
1330 2270
4765 5861
5888 6157
2515 5211
2393 5842
210 1882
611 6447
1163 1322
3104 4588
2152 4808
477 1145
2485 5802
3371 3859
3143 3373
3891 6976
1217 6990
807 6237
2368 6121
5625 6107
1417 3671
1235 5207
1551 5101
605 3590
714 3771
741 4497
250 5735
699 2222
4019 5825
856 5322
2840 6775
2280 4395
2167 3041
1887 4236
865 4477
2438 3223
1212 4900
1622 1663
2556 4173
1763 6133
516 2096
145 1849
1184 1564
1044 1270
2268 5473
3217 6552
973 2161
1043 2329
1590 4850
3111 6607
124 4951
4260 5122
454 4100
651 1152
523 4794
5169 6688
1523 6759
3329 4749
559 2201
782 1269
109 1472
1890 2077
4252 5526
3716 4724
3645 6559
4797 6104
286 2864
465 2613
1053 1073
5183 5735
1416 3248
4858 6104
1454 2201
2329 6779
3835 4144
111 3323
2882 6965
1672 1805
5544 5943
4227 4701
4241 4845
219 3974
3432 6308
626 4293
955 2831
1925 2815
3507 5504
4177 6087
3186 4090
837 5330
398 1094
730 3825
3284 3291
3238 4048
2587 3894
4818 5296
3337 4027
4754 6815
3023 4342
3805 4577
6086 6948
1667 6659
10 6838
6142 6679
1812 6095
127 5891
2940 5891
253 258
849 2918
3614 4370
35 6558
4416 4635
1957 4031
2902 6422
811 853
2641 4238
1436 5278
1139 5210
2801 5602
3283 5756
1980 2770
3054 5136
6375 6750
3929 6033
748 6376
5154 5826
5595 5836
1116 1923
2367 3567
2218 6308
5309 5824
476 1076
271 1869
1863 5489
1480 5049
2837 3398
644 4514
308 6157
3466 4870
1447 4104
1819 5449
2226 2574
5832 6344
2025 6559
115 1442
4694 5968
1979 6257
3108 5216
5257 6242
1830 6416
1282 4374
3838 6430
122 949
3123 4807
1727 1945
3255 6738
6171 6747
1824 3043
1005 6521
3691 4270
3964 4029
2712 5323
4076 4616
666 5605
5991 6287
3813 4314
2742 3962
895 2241
1799 3519
2912 4773
3090 4601
2409 3380
1537 4974
448 519
1029 5511
4523 6686
1636 2108
408 4528
641 3514
504 1907
1900 3070
447 1376
3796 6812
1857 6572
1380 6086
157 5013
4319 4695
4806 4954
1813 2026
6 276
1122 6655
2699 2839
6512 6919
3061 4430
1997 3219
4387 6538
3070 4155
826 5257
423 4863
2004 6897
2832 5400
4981 6866
1726 2716
304 6708
4093 4527
328 3545
2897 3637
3371 6629
5375 6371
2225 4808
21 5736
394 1658
3773 4768
6387 6667
6110 6917
1961 3136
276 5724
6149 6976
3661 4127
4100 6515
2391 3550
4856 5130
3312 5011
3244 3621
5133 5855
5575 6007
5290 5718
3033 6301
909 5500
496 3553
5957 6125
1261 6167
1550 4565
3857 3914
1490 5594
562 2736
181 1869
3412 5919
724 4917
380 1055
223 853
68 620
2524 5011
3167 3606
3906 6217
357 4428
1767 2886
5554 5931
2579 5734
3683 3729
2222 6421
1437 3653
4021 6424
2249 5250
1499 6484
173 1704
2829 3445
3194 6024
2848 3860
1635 6259
1010 4024
2107 5000
1072 2911
6233 6773
4236 4552
2693 3515
4 214
847 3661
879 1397
4223 5757
446 6042
2161 5284
1126 2921
2927 6530
2521 3258
779 1077
2028 3369
2222 6016
995 5164
1376 6136
1338 3987
2021 3264
189 5741
1624 6696
3255 3991
3567 5181
2527 4229
3457 5171
3556 4078
72 6409
365 1209
257 6540
1615 3596
158 1259
1990 5285
773 5345
556 3544
4632 4771
4229 6180
748 1876
317 4931
3185 4043
1921 2575
715 4507
3082 3822
1365 2529
2840 3426
4676 5130
290 4069
1382 4556
3201 3381
4334 4746
1929 4979
5038 6506
2754 5186
1505 3561
231 2295
418 3264
6119 6253
1632 3643
5470 6301
1503 5552
6304 6930
2754 5408
1210 6347
1470 2512
130 4288
431 6928
411 6876
986 4455
968 5472
5510 6058
4214 5375
1063 6370
1559 6481
2077 4878
4833 5812
3368 6932
4965 5751
1184 3393
57 5228
1066 3637
753 6011
3681 5435
2186 2938
1281 2064
1978 3490
6071 6905
1550 2435
1222 6272
1678 3021
3830 5109
1846 6414
540 4449
2588 4125
899 5196
3983 5235
1874 3641
317 4360
4800 5465
28 6539
350 882
3943 4906
4202 5390
2607 5109
3269 6975
3509 3553
2118 4588
2880 3698
6440 6447
4210 4681
859 5915
4019 5924
4546 5327
1865 6652
3278 4874
3905 5315
5161 5763
3639 4881
2707 6754
6284 6874
695 4434
226 475
3334 6326
5074 6922
2457 6345
6143 6964
4319 4975
2464 4057
2458 5368
1259 3418
2621 4711
3576 3611
1517 4195
5801 6398
63 1245
2048 3845
342 5662
3184 5215
2299 4100
4050 4490
2374 5295
5752 6180
1208 2781
2958 3760
2679 5936
424 3335
2250 5662
4963 5291
652 2700
4840 6172
4611 4987
2361 3949
286 4932
1624 3689
1640 4808
777 2234
88 3974
1763 5117
827 4162
4539 6021
3353 4620
324 1716
1233 3649
50 1600
3335 4090
2361 3363
146 2905
3773 4452
99 1311
3940 4510
395 6141
400 1163
1731 2082
6359 6994
6156 6666
5428 5692
2047 5855
3815 6001
335 2298
2971 4387
3370 5409
1455 2594
900 3102
5553 6872
1856 2080
1060 2127
643 6978
2551 4550
2784 6233
5341 5974
181 2151
829 4074
5419 6777
3751 4187
2588 6431
5433 5518
1044 5862
2690 3470
1797 5391
300 2664
965 3995
672 3957
3528 6548
983 3072
2932 6881
1023 1549
777 2969
4976 5410
2920 5703
5689 5998
3065 6755
4953 5109
156 3979
927 2406
2826 4987
1806 2518
159 1774
1868 3963
2593 5638
2932 3171
3221 3861
1872 5114
549 3316
2117 4711
2552 3426
859 6205
5939 6314
3463 6065
2907 6099
6150 6820
932 6966
1205 5609
1152 2341
1186 1554
2093 3482
2970 5122
3528 5660
189 2807
524 6869
531 3032
2633 3778
2841 2856
1053 3371
2734 3699
2372 6805
2207 6647
1878 3559
2602 2878
644 2269
4880 5125
2393 5137
313 6628
1270 5147
2019 6870
4243 6399
2653 5824
6554 6673
5881 6189
3034 5469
2638 3504
186 1487
2539 2930
146 2882
1881 6452
3746 4992
887 5951
2025 4106
2244 3788
5286 6153
5093 6510
4748 6002
4791 5495
169 297
802 4516
38 3047
2272 3657
2598 4160
3099 5098
1906 3946
270 3970
3860 4850
3636 6508
3043 4324
2434 4170
2514 3505
3672 6924
1671 5212
217 1017
3381 4621
264 2771
4186 4252
179 4953
258 6337
2806 4166
4769 5268
1526 3563
4275 6030
2731 6375
3453 4752
4134 5609
914 4405
3667 3933
6892 6946
3090 5680
5885 6432
2704 3702
2516 6172
858 2441
2625 6647
3475 4574
94 4771
478 4355
2622 4019
948 6340
952 4532
2721 6843
608 4230
218 6298
235 3756
682 6563
219 5364
3860 5113
3811 6747
114 6079
1365 6708
6447 6615
2411 4555
3019 6469
2456 6945
3880 3986
8 2277
4464 5825
538 3587
2549 5588
4812 6921
837 4519
5207 6495
948 2105
3250 6798
510 4689
2314 5674
2502 6654
230 3788
3279 3333
4248 5292
1186 5731
1579 4506
343 2066
3954 6719
3402 6893
1369 3783
2454 4837
515 4590
106 3235
4128 4921
1571 5814
1181 3657
2194 3043
3933 4854
4563 5093
5937 6603
3972 6878
3328 4884
3151 3172
2406 3792
1632 3494
1581 3362
1341 2779
3649 4310
6315 6795
405 1402
330 528
4714 5989
2065 3429
253 345
979 2895
2642 4091
221 4476
247 2536
760 6606
1891 2014
1132 2966
4745 5939
976 2065
1093 1788
1223 3624
696 3288
4477 6305
5127 6074
3398 4981
1974 2077
3859 4820
3035 5140
2201 3265
3631 6516
599 2137
2611 5866
1608 5773
4494 4535
3650 3968
130 5986
1199 4032
323 4896
3644 6909
3584 5729
554 2471
206 3260
753 3076
9 4447
2789 6796
2159 6049
6030 6857
1963 6678
1101 3605
5162 6099
3957 6577
172 4322
1808 2009
1513 3432
2483 6658
2593 2771
2947 5235
3618 6047
268 4492
3467 4312
6297 6524
3256 5487
274 6482
502 1808
3021 3578
1573 4906
1985 3246
191 5624
808 3498
4679 5959
5541 6081
3343 6789
4916 5154
802 5578
2614 5636
2438 6294
3531 6881
3320 5591
3976 5392
2390 2414
74 6544
958 2513
2278 6088
4084 4577
795 1298
4421 6786
402 2445
1905 6836
1246 6608
2654 4645
5434 5725
79 958
833 6910
4385 5617
1125 4852
1321 3534
2835 5460
1532 5159
1014 1832
2218 3228
1776 4472
417 2666
3343 6223
427 2596
1550 3864
5295 5384
1119 4619
716 2962
1600 4775
1918 2572
3515 5389
2687 4162
3938 6845
1201 3565
398 612
3653 4429
2192 6691
5794 6091
2077 6724
4150 6466
2868 3470
2778 4714
1259 6595
784 6444
13 1295
2000 2657
1489 2894
903 5551
400 3616
1846 2788
85 6793
2165 4600
1911 5761
4171 6152
871 6515
2407 6353
2373 3680
2944 4885
2800 5328
1926 3472
3244 6019
3318 3914
4409 6463
5382 5923
2654 3941
160 1152
3711 6039
3020 3530
1563 1671
1334 2805
1665 2709
283 4713
318 1269
959 6105
809 5486
2021 5986
3447 4238
2902 6151
3995 6396
1014 6047
1749 4258
2747 3957
1102 1601
2855 5478
3233 3397
1768 2632
959 6860
2056 4526
783 2070
386 6336
2936 4005
4865 6904
519 2472
1194 3784
2201 5110
37 171
3490 5278
2975 5479
498 1085
2675 3717
3807 5866
677 2481
2890 6955
3775 4000
1080 1385
3477 4815
1844 4886
2427 5311
1474 6188
2525 6331
848 2770
3429 3480
2965 3705
5528 5683
1788 4863
739 4989
1602 2623
5321 6158
3523 3989
1153 6624
2291 3112
1868 4102
2728 5073
1501 4274
4423 4739
990 2652
1147 3678
1158 2774
3086 4513
98 2225
1808 2648
1134 5866
765 1287
6248 6459
1609 4718
3327 4871
2570 5969
168 1344
5242 6520
1632 2577
1324 5629
1741 4182
2972 5098
1278 5584
1636 6434
6404 6864
2403 3137
514 4337
699 776
2782 3902
4195 4559
2438 5663
250 2011
925 6360
599 5288
3422 5451
224 2674
2556 3261
4699 6894
1063 3150
345 6120
2173 4309
155 5929
2716 2904
954 3839
76 5383
1486 3353
1699 5333
356 2988
4507 5424
772 2744
2710 3606
1482 2537
1373 2754
3673 6240
2059 6007
3906 6361
3061 4580
867 6438
1482 2217
972 5590
570 2512
5256 6042
26 6391
886 2337
2582 6554
501 2855
3626 5991
1370 6600
680 1997
1501 3540
621 3866
2885 6471
2356 5188
5517 5985
3479 3783
121 1812
1317 5890
1698 3628
1473 2669
3176 5120
4784 5073
5050 5131
3192 4426
416 5275
489 761
105 2700
124 6454
5151 5660
2703 5107
790 4852
575 3746
5943 6819
2800 4381
2320 4919
661 5527
1351 5352
486 4953
4265 4908
788 5606
1482 2047
2530 3793
3636 6855
3073 5319
101 2509
3885 4109
1413 5106
2634 6260
1757 5889
3236 4892
424 2175
3138 6113
4544 6195
4211 5800
3278 6879
3574 4767
6552 6917
2783 6295
2431 6413
2405 6889
8 1889
3915 4640
3748 6834
3321 5124
1697 3559
689 5599
2054 3575
73 6162
3398 4530
401 647
3328 4731
741 1739
1226 3729
1199 4163
4715 5206
6134 6157
1801 4995
2649 3992
3234 6180
2490 3447
297 4167
453 1169
1896 4513
4090 6221
2350 2528
171 6039
3253 6800
1832 4530
2438 4140
2784 6594
3574 5936
1415 1837
2722 5251
6227 6233
2816 5998
3041 6520
5544 6730
1045 2060
3630 6687
2303 4518
193 4372
3645 6630
257 880
2428 3112
1985 2990
3367 6715
4512 5849
2140 4540
1327 1339
2556 2829
198 6895
2351 6730
2089 5821
2196 2957
2804 4300
3461 5319
3731 6961
2397 5449
2929 4046
365 5097
3732 5665
3841 4851
5122 5863
3967 6432
3138 5970
2380 6071
1801 1840
1436 2362
1674 5804
1669 2392
173 6023
2919 4687
4464 6810
3462 3595
269 5820
429 5499
206 5574
2965 3200
1464 2449
529 5899
899 2224
4333 4933
606 1207
161 5355
2626 6855
4994 6488
4898 6005
5694 5736
2560 3161
474 1113
4919 6537
1253 2926
2836 3875
5456 6922
309 5436
1335 2952
339 2292
318 2085
5578 6567
4136 5841
5652 6482
2850 6232
2522 2925
745 1781
1965 2828
47 6358
2659 5771
236 3105
123 4502
4835 4969
839 1208
3475 4853
310 1252
841 1444
2608 5105
5738 6776
3477 4154
1117 3070
764 2744
3160 6409
1488 3082
3241 6354
1897 5323
4654 6272
5281 6924
189 5646
2630 2757
2024 3263
1750 2528
4689 5852
3466 5678
324 4453
2773 6815
2096 6725
152 1368
5506 6621
2385 6375
4859 5104
607 1647
808 2389
351 6455
3587 3770
3594 6626
349 6210
1533 3721
531 2843
6837 6970
2116 4892
2693 5979
438 930
2714 6500
3596 3691
1862 3716
4317 5576
1474 6176
288 674
803 3347
1717 6655
3217 6859
6684 6877
403 6178
5281 5321
680 3884
1326 6713
3537 4385
3640 6648
3747 4927
1771 3939
3030 5144
5108 6089
1667 5589
2750 5164
1977 6756
4218 6886
4065 6390
2871 4254
400 1641
3650 4017
1354 1692
788 3412
3901 4844
5009 6289
2842 5605
1888 6339
1527 4851
3190 6798
2190 6316
831 4877
1592 5458
307 3839
4103 4701
455 2571
5672 5832
3530 4966
463 5260
4478 4884
396 6268
1818 5459
1932 3908
4884 6215
554 947
492 3705
6475 6774
1945 2885
850 1586
3501 6193
2743 5525
1709 3112
4493 5293
2715 6550
222 2388
686 5552
365 1981
1071 2193
1675 2883
4743 6450
32 2916
2669 5277
1928 6448
2313 4169
2741 6587
3991 4736
4489 6817
3130 4617
5670 6365
142 5216
3957 5447
615 1242
4337 6948
717 5467
44 6863
1914 2568
683 1802
881 5105
1022 6147
2032 6997
2298 4026
486 3605
2659 5219
476 6411
1821 3619
4761 6410
3098 6690
4622 6204
4177 4536
1165 6397
1171 4904
4612 6033
66 5190
826 6920
2678 2823
503 5280
3562 4097
2602 5339
484 763
1393 5358
893 5255
3988 6146
4412 6994
1705 6568
153 5765
266 634
2224 5667
3657 6880
885 3597
3985 5775
450 3785
2100 6075
207 3793
440 4240
1021 4243
1306 5535
1393 1729
4729 5723
3709 6905
3530 4937
232 5397
63 628
4387 6203
5479 6403
2792 3521
1375 5669
1038 5427
652 3900
2005 2154
1151 1748
999 5332
1383 5032
1577 6384
1077 1273
4472 5758
1822 4904
872 4143
422 5488
4296 6194
218 1680
624 3401
3019 4115
3254 4176
2722 4751
3541 5405
2931 3510
3784 5887
2855 4375
1058 6497
4108 6866
517 5769
837 4649
1038 6328
30 3826
1926 3049
372 5059
4211 5972
4126 6575
3217 6867
3763 4336
3338 5273
3027 4868
4892 6492
2522 2532
400 548
1601 4116
683 3219
141 2748
2601 4118
428 1323
998 4228
2321 5158
1437 3617
2123 6504
866 4002
1581 2962
291 5211
3905 4423
520 2614
3192 3613
2319 3887
1127 3985
2913 5320
1874 5279
5118 6223
2284 5616
5155 5247
14 1480
3959 6657
4583 5938
423 4089
3631 6956
2173 6929
425 4343
3937 6752
758 5182
3729 6190
2372 2576
1718 1726
1328 6777
4421 5752
2046 3637
2671 4392
303 3810
1648 3640
5350 5960
4928 6368
1398 5712
739 5472
1239 2224
934 1813
875 2686
3366 6910
1430 5383
1904 6607
580 2306
1561 4061
765 6617
42 1108
3346 6792
5606 6465
2708 4442
2043 2869
1637 6072
5104 5168
1787 5122
610 4870
1638 5094
178 3354
3431 5537
498 6174
2085 5695
4846 5250
3391 4235
1815 4932
706 2765
4557 6585
1725 5623
1328 6610
534 1205
396 635
1453 6502
292 4996
4863 5708
499 5770
2305 5995
1750 3820
1892 4187
1277 5104
3386 3583
749 4073
3008 3031
4069 5391
2370 5665
619 3467
3699 4411
987 2682
3169 5817
49 631
2740 3180
1892 3257
5169 5610
3852 3858
4457 6747
1754 3356
1298 3662
743 1457
2965 5191
2585 6592
2410 5064
2145 5984
2247 2271
4276 6964
1725 6476
989 5342
1560 4592
718 6886
3927 5258
1915 2698
553 1375
1547 1701
5396 5426
1428 1900
4174 5777
3465 3765
94 3043
599 5016
779 1848
6578 6928
1980 5422
962 6065
4757 5274
618 2810
4330 4581
405 6362
673 6722
5707 6181
2148 6960
2884 6690
1688 5222
2645 5295
3030 6546
1499 4836
3506 4569
192 976
5963 6890
687 2038
554 4942
566 1322
2235 2583
1825 2968
1881 3930
2382 4835
6537 6568
4363 6197
927 1036
4006 4221
4219 5978
293 4552
1598 2594
1761 5591
205 3218
630 2028
713 1082
1898 2413
3278 4575
3344 5406
1055 3502
4168 6964
809 1730
1756 5290
761 3597
2628 6015
200 3133
1101 5550
3624 4507
752 6054
154 6645
1308 5450
2126 6111
879 1026
939 3079
1745 5060
405 3340
3092 6899
2627 6077
4579 4669
1588 2159
3092 3317
1587 4079
596 6435
2997 4622
1205 1350
5199 5944
6287 6926
2901 6988
4685 5512
1092 2620
2334 2611
1686 4737
380 3607
4409 6346
3549 4422
431 1179
1777 4580
4119 6325
5107 6962
803 3700
383 2436
1005 2512
1392 4068
1405 6717
1558 4300
122 466
778 4348
544 3059
506 6739
1498 2280
1144 5797
945 2523
2565 4744
727 3506
272 6859
104 3756
1736 1820
2121 2348
6261 6754
3249 6643
807 5545
999 6642
4620 5908
536 3224
3924 4725
4146 5558
802 5625
424 6602
1532 4676
2450 3536
2419 4271
125 5950
4336 5310
1858 4726
2419 3589
3482 4651
3599 6252
1187 1758
1654 6740
6774 6989
2116 4085
3320 5279
2683 4609
2475 6796
640 5851
1228 2129
841 3276
1795 5360
3478 5075
3512 4486
2082 3208
2372 3687
1515 6518
6704 6753
2637 4831
1259 2315
485 5230
4220 4828
4777 5840
5745 6160
2036 6755
3249 4211
3941 4952
1508 3690
5156 5245
2924 5563
5289 5379
3256 6895
1087 3044
1868 2053
1607 2017
680 4911
573 729
1609 6915
786 6192
1740 2211
3638 4661
6 6062
2630 6423
3284 6531
4444 6237
1187 4098
5281 5608
2250 4011
1481 1625
2190 5819
1374 5645
2594 4407
360 2649
5509 5699
2389 3096
1880 6028
3268 4003
2614 4664
296 756
4823 6953
1348 6365
4807 4957
2333 4270
3306 3809
4172 6088
1836 6462
351 4847
4496 4532
2704 3022
2072 5160
1664 6675
2240 6624
999 4112
780 5250
748 6522
424 3113
5219 5940
3436 5585
499 765
1257 3558
1750 5248
2407 4992
104 118
2943 5839
1260 6441
49 2662
3123 6186
2233 6957
1033 6313
5046 6846
553 4030
1089 1760
3268 6843
6383 6670
1028 4604
5412 6146
1107 6281
767 1869
1448 1578
803 3735
412 3744
2893 5490
1157 4075
73 6532
2343 4484
1209 6310
1077 3182
1535 1729
6290 6795
564 6807
6238 6408
3758 4696
2330 5239
1578 5811
396 6208
2691 4858
4376 4606
216 4979
68 1771
2134 4382
4109 6300
4296 5693
1607 3547
450 3666
96 3204
4234 5187
1739 3304
221 5907
1417 5872
1497 3456
5008 5814
3827 5050
2482 4191
4398 4544
924 5891
3683 6835
3016 5780
1849 2491
1028 3868
5469 5864
3621 4399
2568 6949
210 4606
3028 6320
9 4174
6678 6794
2596 3000
3533 3882
1761 4704
1484 6420
1710 6000
2464 3347
2169 6984
5723 6543
2824 4658
322 5276
749 982
2071 4221
182 5175
1218 5642
3876 6657
792 5874
898 3127
63 278
2564 6319
1143 3754
2101 3739
2876 5596
380 3752
4646 4953
3856 5524
1812 3127
1054 6116
2986 6554
751 2153
3096 4051
3385 5643
3944 6155
714 3925
5417 6466
5732 6061
4517 4666
5761 6564
2916 6722
2595 4543
5207 5520
3924 5810
82 1274
404 1489
3389 6780
1612 3659
4943 6198
287 6068
804 4847
353 2224
17 4640
3211 6866
3055 6204
2741 4037
122 3243
2759 4069
558 1185
1632 6674
2994 4244
598 6344
239 3260
4096 5787
685 4692
1475 3387
5006 5633
276 2303
1653 5874
2081 5436
6067 6762
5962 6531
56 4789
2814 4505
1949 4716
3301 6868
2910 4624
2161 4804
1754 1903
187 3399
2118 4316
3892 6838
3480 6954
4948 6470
1409 6444
493 2443
4435 5156
5533 6811
3973 5509
1938 2210
1366 3697
4962 6752
624 3580
1825 5842
1711 3549
1873 3780
2846 6673
3028 6685
2936 4641
2639 6564
2839 6766
4899 6628
1256 1602
5784 5856
3142 4776
1530 3168
255 6565
2051 6824
5720 6096
2186 3300
718 1794
521 942
97 5183
1407 2992
3 2995
3467 5222
2396 5730
4555 6830
4999 5522
1665 5783
994 6976
6112 6789
1324 4573
1444 2318
1406 3677
544 6804
3908 6184
1041 5883
3199 4006
1499 1994
1172 4916
1891 4503
3003 3355
517 2649
96 1973
1120 4012
279 3892
2170 2893
2550 4342
6198 6991
23 2951
1305 4403
6033 6177
475 4603
171 425
591 5720
968 6267
2899 3016
2488 2921
3674 4736
1912 5194
3093 6854
4241 4510
370 2600
885 1445
2756 6558
4094 5223
5918 6243
1594 6974
1904 6010
870 4148
2846 3080
1949 4698
4014 6941
2959 3893
2067 5487
2046 3097
1196 5972
483 1116
2109 3577
1627 2660
1494 6342
2112 5848
1514 2650
1042 5066
200 305
3551 5215
4079 5619
1863 6788
3483 4633
135 208
1454 4105
1818 4193
3165 6199
749 5376
791 2654
1786 6460
3996 4056
394 821
5252 6658
4639 5190
1169 1338
289 3836
1487 2450
485 1079
2584 5347
2142 5818
1663 6614
445 5285
997 3414
627 6592
4420 4615
3233 5055
1508 1681
164 3112
1027 6861
602 2606
943 6826
845 862
2222 5233
1567 2686
3587 5546
1299 4224
4242 5826
339 6180
1200 3498
1479 3976
723 3918
1613 2429
3696 4834
1276 3999
2558 3392
1000 1912
1613 6229
1325 3710
2290 4962
2468 3237
2881 3727
44 5081
2221 3681
4655 5790
1375 4264
2050 4946
1432 4474
4326 5787
5202 6535
877 3548
4715 6646
129 1220
95 3799
2742 2898
768 1991
5438 6490
468 3272
2106 6711
1265 5791
486 5870
3731 4489
3349 5184
5145 6735
1064 1833
2015 5521
619 2214
4341 6104
678 1494
1946 6781
1536 2001
522 3247
1424 5771
144 1029
3101 6711
2506 4971
32 1628
4822 5509
5241 6632
464 5285
1065 4762
1127 4400
3715 6985
2004 2378
1747 1948
5207 6214
274 5487
419 3870
2001 4246
4967 6978
1639 4847
4188 5776
1971 6845
1377 4154
1865 6853
3323 3862
4241 6947
3593 5146
805 5710
1146 3478
3404 6773
1602 5611
450 5922
2097 5427
1651 5839
196 3728
449 551
3761 5376
584 6784
1999 3252
3174 3788
1568 3055
2852 4247
263 5013
5877 6570
582 5406
1587 5208
82 5349
2135 6253
633 2372
4946 5271
2771 5018
228 6733
45 2076
505 5308
1842 6394
4317 6566
794 1229
47 3340
3913 4593
4103 6131
4279 6256
5143 5160
2567 5378
5608 5823
3122 3900
6455 6580
2973 5774
3079 3888
2466 2685
2093 2735
2218 3377
1051 3573
3734 6235
3422 5193
4712 5936
2513 5418
2538 4253
3543 6986
434 2099
2356 4896
2661 4186
3868 4267
1555 5388
5988 6228
2764 3420
2329 4542
1806 2022
849 4018
3541 6910
744 6389
511 682
3026 3322
1321 5224
6351 6368
1210 5592
1646 1920
670 1266
4118 5456
407 4493
4280 4521
2408 4084
6600 6667
528 2042
3650 6265
4403 6027
1970 2460
718 1988
2916 6560
2371 3944
471 515
2844 6941
1382 6314
1778 5092
162 5768
266 6649
1050 2442
183 3335
849 3665
4907 5098
2822 4958
3182 5782
541 6344
83 413
1624 3647
3188 4414
1952 2795
1264 2738
2691 3455
9 6040
2296 2838
6364 6455
978 2308
3149 3365
1325 2424
2958 6138
2768 6853
4564 5977
1325 1949
4696 5648
1394 1546
2725 3576
2865 5981
130 2810
4493 6974
2335 6047
2900 5099
1704 4905
2946 4779
1454 5395
906 4356
249 5541
4936 6597
389 668
956 3952
3199 4394
1547 5041
2599 5875
703 2371
2157 5357
4691 5391
4926 6849
3135 4535
2076 5496
2542 6797
5067 6020
2569 2838
4185 4437
2591 6418
3956 4922
2412 6935
1127 3789
3694 6512
2226 2789
3289 6992
5456 5906
603 6239
5297 5691
1379 1880
2505 5507
2001 2161
3796 6155
378 5538
298 1943
3509 5345
134 1068
1595 6387
2076 6382
1159 5038
2718 5487
2355 6762
1048 2624
2417 4990
1108 5751
5422 6130
4133 5057
2667 5851
3613 5264
3966 6606
2415 2999
5090 6910
6148 6952
78 2863
213 5451
3313 4807
2135 5209
4017 5601
1539 6426
6319 6653
2104 3262
3024 5439
3793 6278
165 6073
3153 4354
3692 6480
6173 6523
3676 4930
1251 5793
2083 5307
1682 4714
3378 3633
1265 5774
1847 4122
1030 3776
6704 6869
1106 3224
867 2706
1473 6872
2713 5146
4748 6632
513 5631
6515 6791
276 3286
4553 4559
567 2563
5015 5733
860 4946
826 5022
3685 4966
2176 5107
3543 6486
408 4915
1788 4121
4038 5155
194 2092
1343 4640
1136 5497
3192 3216
1095 4918
1285 2549
3132 4584
3555 4440
6641 6744
4253 6977
2525 5352
1389 4158
2364 3123
842 2239
3325 4683
2797 6542
771 6417
3484 5726
438 1871
6004 6745
3777 3971
119 4761
4525 6470
5068 5920
1567 6606
385 2208
3328 6018
1680 5629
434 4953
1166 6133
2326 6430
1685 1817
3187 5016
938 4264
2010 3365
2870 5086
5484 5596
60 5420
4035 4333
2761 3052
1004 4247
89 6262
1960 3375
478 991
748 4291
787 5590
1835 2361
5498 6536
1447 5028
4661 5681
415 6221
3089 4492
1361 5424
1117 1507
4112 6700
3916 6197
3714 4571
1085 3039
3560 4163
1946 2166
3001 6087
4383 5936
4363 5421
4051 5108
503 2119
4266 5868
1685 5023
4057 5597
812 1680
3907 6571
3115 4875
336 488
3560 6494
1898 5496
1423 2995
1948 3181
2670 5829
2302 3032
1672 4433
6003 6758
3037 5348
2209 5096
824 2787
5722 6969
2453 5004
1145 2265
2357 4284
69 6752
3982 5821
2146 2443
1273 1310
4931 5071
665 2395
4969 6484
5261 6963
1150 1356
4968 5625
2746 2765
1073 5529
46 6126
830 6854
2019 2206
300 4973
295 1941
2415 2643
1400 4264
3464 3905
2325 4546
2373 3009
1439 4819
1764 4429
1110 6289
3670 5344
2039 4031
92 1814
1478 2856
3398 4668
3965 6546
1484 6727
658 5259
3723 4136
322 3762
4895 6821
4061 4208
2051 6691
1052 3418
1548 4244
416 5216
375 3591
3329 6043
255 6552
2600 4387
8 863
1913 4798
958 5559
2763 6870
15 4338
2711 4887
2974 5910
1358 3123
1726 3576
3622 3770
1570 4270
3442 4905
900 1660
36 5062
1606 2644
2306 5096
5517 6473
242 653
2730 5463
5710 6114
1834 6475
3125 4287
2294 3664
3378 6058
1087 4239
398 3134
3968 6813
371 6350
176 2369
1580 1827
51 5189
917 1087
541 1078
3128 5172
4410 5675
975 2602
270 3529
1059 6451
3539 3781
1836 2404
2811 6943
3727 5533
2519 3518
3213 4787
2403 4246
818 6064
3818 6384
341 2587
4320 6211
5682 5995
2732 4363
4706 4857
442 4175
581 6098
531 1342
1158 4351
5545 6705
550 6839
1017 5717
1384 3278
7 3770
1197 2426
5527 6728
604 2856
5515 6897
2463 5616
3574 5772
3704 4525
1085 5024
1480 6625
467 2383
346 4888
2525 5047
4541 5790
1682 1695
852 2586
1856 3522
31 2330
5462 6087
4277 5447
3701 5117
935 2444
1228 6584
3824 4465
2225 6923
5956 6468
868 6290
3865 4923
2863 5045
4827 5625
2218 5476
379 4350
150 1733
2264 6105
2157 5083
190 1162
5739 6757
5239 5641
4596 5608
3795 3993
650 5612
60 2144
2937 3999
6898 6978
1949 6324
704 4397
1721 5068
26 1631
2951 6357
2352 5723
5886 6624
1293 4431
1944 2895
1847 6010
3287 4167
2633 5728
441 2823
3664 4339
6045 6440
1502 4147
2262 5199
14 4934
632 4442
4168 6971
61 2028
852 3565
2820 3734
1495 2966
136 5255
974 1029
5334 6322
3004 4959
176 5367
175 1427
405 4648
3603 5151
1263 6183
1700 6492
3579 5828
1365 4662
1768 4591
132 2720
3339 5362
1157 6714
2999 5249
3169 5931
2028 3591
253 1902
4131 6832
4181 4983
4190 4358
84 5185
1847 4631
295 2892
1621 6336
1719 6766
2452 2998
1261 5346
2154 3738
3362 4468
1069 2369
325 4209
1084 3942
14 909
916 4210
203 3028
231 3602
3315 4831
592 2545
735 4205
3759 5875
1765 1998
2777 5130
1466 4117
1401 3874
2697 6872
5902 6981
3904 5262
1500 5991
714 5925
5089 6738
5095 6381
176 6312
26 2062
4272 6303
2381 5144
1928 5362
440 2084
2091 5276
4260 4842
2609 6523
4543 6186
474 4047
349 2233
1616 2458
364 1114
2122 2136
3306 5549
3230 6220
5094 5188
1538 3683
680 5492
1937 6470
1792 4840
3887 4944
759 5194
2349 5573
4131 6035
3725 6826
1003 2885
1382 5822
660 2382
697 2191
100 3353
3140 6440
1849 5037
1005 5737
4592 6478
840 3427
1488 3239
393 4075
3653 5876
496 4058
3206 3979
93 4851
3476 6763
1922 4753
4319 5437
525 926
1914 4719
613 3887
1254 3211
2802 4485
5236 6543
4054 6828
1320 5615
1544 2492
3670 4910
2810 4869
1275 4877
4609 5267
1472 6009
3779 6208
1493 1950
4798 6047
5137 5570
2595 3114
2570 3707
1543 3640
1807 6080
416 6639
1936 4056
3305 6432
1758 3750
3564 5319
4082 6780
2275 6210
2670 6918
1155 5444
847 2900
315 6465
3449 5666
3367 6340
1972 3493
603 6807
1725 2876
5710 5967
2055 3551
2553 5406
337 6984
202 5715
1728 4599
3423 5954
3598 6228
4014 6081
1576 3208
528 1458
4087 4995
322 3492
1364 5485
2974 4004
5719 6311
3459 3934
556 5941
3293 5585
1543 3319
1250 6466
135 6858
62 5176
1039 3532
831 4359
172 1230
2022 2889
306 5790
2441 4618
3947 6211
2384 3436
1359 4688
3150 4595
3789 5532
6027 6883
827 2007
1644 4516
2476 4304
1309 2323
1791 4100
2327 4677
680 4459
3675 5994
3364 3957
2373 5750
248 1831
3170 5128
87 5201
5501 5841
1576 3828
1338 3110
762 4882
3503 6083
957 1299
1345 1363
1990 5035
3643 5964
2336 2678
835 3720
1539 2553
3692 5570
1393 5197
1767 6662
1110 4062
508 902
111 3510
5370 6360
2063 3877
23 1919
2845 4593
225 6443
3437 6405
1396 5208
3910 6746
4491 5526
3026 4036
3293 4320
2968 3981
2354 5497
958 1446
498 1839
4424 4938
1606 3572
2704 4801
3849 5614
3032 5868
6454 6479
3106 6771
33 2317
2207 2242
200 861
4806 5058
4228 6830
3503 5395
3069 6770
5714 6135
3240 4121
1372 3554
340 1866
319 5225
1306 2672
781 1245
2616 6179
524 4328
681 5196
2076 3177
2357 5742
911 1166
4028 4573
6046 6851
1053 2257
1875 4803
3088 5927
2976 3383
2164 2885
3854 4758
3919 5065
2516 4949
4847 5448
5385 5916
4782 6938
5997 6571
4111 6541
4607 6942
884 1059
4204 5116
188 2082
587 3539
4549 4561
2131 6827
5813 6218
5931 6561
1379 6334
4087 6001
1379 5566
2799 3906
4284 6640
923 4755
2597 5687
1492 5471
6519 6802
1462 2247
4877 6806
1386 4245
1374 1866
1917 5291
195 3369
697 2037
358 1674
2636 5822
1461 4251
2794 5896
2557 4473
3958 6349
6656 6709
3446 4179
1127 2497
1403 6747
2203 6553
1372 1421
243 4254
55 6046
98 902
5416 6229
1769 6105
3209 4251
830 1893
961 2152
1049 3246
4386 5975
3460 5371
1131 6039
452 5829
2337 6204
2331 3262
366 1355
2895 6277
1067 3776
129 2631
1190 1751
2588 4010
1356 5294
2466 6573
1735 5201
2816 4369
1776 2136
3308 6925
2454 6841
3536 6562
1803 6317
3714 5662
1529 4816
3253 4008
3046 3641
4473 5088
2720 4201
1234 3743
107 4284
1040 4270
2506 6839
5464 5682
1155 1696
1944 3625
2145 3374
3612 5942
1993 6765
1851 5425
1103 3400
1793 2400
1101 4475
3463 5014
1085 4311
246 4001
1070 1572
2038 3332
202 534
3911 6510
414 4618
969 1682
1969 2683
2107 6251
3310 5802
997 5078
5508 6303
2145 3842
4839 6753
2058 6061
1501 4891
5959 6309
2537 4759
1191 4368
1667 4420
4844 5833
1341 1790
1391 1569
846 3387
3582 3677
5300 6963
766 5463
922 4783
1460 1691
1130 1275
1468 2111
869 6352
269 2312
4950 5991
3094 6329
1431 1686
711 1625
3990 4989
385 2548
180 3054
1630 5827
3003 4373
740 4455
1105 2516
1504 6854
4209 4944
6200 6226
2694 6742
2555 2751
42 4332
1596 6578
212 4384
5176 6367
87 3627
2093 6006
227 3772
4889 6209
3135 6497
4109 6429
87 6893
256 6915
4924 6825
1141 6086
2467 4478
3413 6433
5077 6084
281 1358
6057 6464
3651 5312
103 6742
1762 2867
1084 6707
193 5945
435 5230
528 1960
870 2345
2244 5911
766 6281
1016 5185
4124 5602
4939 6889
3353 5325
1966 6016
671 3800
886 3002
1198 3984
5020 5815
1150 2174
1286 5956
4613 5270
321 5155
1272 5417
2215 4129
340 764
404 6694
2830 4406
382 624
4783 6134
732 3390
238 3718
35 1263
280 1411
4750 6038
1772 5747
44 4352
296 5167
3893 4028
39 4524
599 747
2915 3145
1932 3106
2591 3487
2309 3609
1715 6166
1334 1552
3879 4920
1921 2158
1357 5324
4325 5897
4705 6521
3664 6665
6097 6184
460 6723
2150 3768
5715 6732
2135 4222
436 3819
4893 6526
2575 4522
3787 6803
3804 4555
5112 6103
6120 6751
449 3542
128 2892
165 2433
1593 1696
2724 2735
2867 3559
3368 5952
1577 5301
1183 3432
1994 5505
15 542
2143 6654
3046 3091
762 2317
6460 6862
4592 6280
3183 4124
3120 6205
2078 5035
228 1632
1 2029
6307 6576
163 1503
1372 2326
4405 5374
1359 5990
3158 3807
1534 4806
1488 6619
2459 5306
573 5261
605 963
3851 5231
2018 4824
2300 6792
571 2867
3170 5941
2074 5579
3873 6512
2292 2694
6038 6996
6307 6672
2139 6437
5837 6715
497 4977
1619 6709
3214 4225
449 3407
1195 6993
80 3222
5134 5687
426 2149
4939 6907
5950 6663
3005 4252
1614 6745
3215 5050
549 1168
4409 6513
3419 6180
1525 6854
1974 1982
1422 6875
865 4671
1947 5511
537 3848
1526 4608
1770 4541
1182 4875
4090 5976
4295 6818
3260 4637
1273 6936
910 6255
2257 4471
637 3312
416 5721
1554 4628
3198 6271
3047 5809
3225 6913
3196 5005
106 147
1130 6380
1475 2003
3296 6126
338 5211
350 3840
2329 6613
1415 2212
1743 3119
4099 5042
2139 6573
1221 1539
4555 6821
3960 4154
1149 6681
669 3821
1441 5456
1804 4422
6134 6959
2441 3294
377 6664
797 1080
901 3164
857 2131
1319 3819
5148 6160
2281 2501
2656 6654
1012 6377
2855 4903
1371 2914
1878 4796
1753 3975
1329 6255
4914 5390
167 2365
4701 6231
417 4041
4660 5887
1495 5858
1173 5902
840 5704
2501 3849
3273 3339
1546 6952
25 5240
1553 3611
1290 6908
5400 5913
1408 1859
2360 5266
1133 3909
2711 3663
3415 4081
3780 6551
967 1552
5406 6734
5389 6150
4642 5451
1975 3367
1286 5000
5119 5590
3034 5987
1418 6066
2229 2982
2949 3214
3062 3503
5005 5923
834 3746
2331 5675
3238 5571
1347 5850
4299 5488
4082 4955
3816 6191
190 4220
5243 6893
5485 6988
462 2211
3808 4177
160 1796
3150 3295
5819 5909
6393 6430
1798 4095
2185 3883
1850 2412
2698 5482
1525 2057
711 4873
240 3630
1867 4198
2875 6986
299 6662
3814 6431
1528 5666
54 5510
6504 6634
1086 2790
18 5753
418 5314
397 4876
2187 6075
442 3559
242 3790
1549 6168
1372 2692
5335 6650
2663 6732
2287 3672
6223 6882
3451 6012
2933 6800
2811 3651
3761 5903
3926 4507
2141 3664
3664 3945
921 3324
5217 6839
3713 6775
2734 2866
6327 6685
294 5618
1956 5733
660 2548
3125 3292
2182 5095
2458 2599
2363 3497
1566 2037
117 1203
2590 6622
2677 3351
5603 6552
1414 1568
6250 6778
1996 5044
690 2150
1334 4439
816 1621
4042 4679
427 6419
422 4117
2420 6007
935 2394
565 3861
1879 2399
2713 6457
357 2847
1438 5831
259 6683
2711 3881
58 5420
164 5850
56 4977
1983 3652
4709 4930
2939 6228
3688 5090
1542 2075
1859 4568
1716 6620
3843 6014
6068 6927
3299 5349
319 3491
447 1643
2209 3452
2098 5318
649 3928
2063 4070
5427 6682
3525 5362
1538 2324
2244 2421
3198 5332
1502 5313
1013 4206
2853 6407
1723 6582
1024 1860
1466 2592
370 6906
3920 5372
4232 5175
312 6701
584 6461
6266 6532
450 1229
1424 3057
2985 5558
4902 6721
2698 5372
1129 1557
2466 3474
3060 3416
1507 6032
3656 5229
6077 6645
649 5121
1840 2359
357 6731
1931 6623
2773 4578
1916 5533
3478 4570
1360 1451
3912 5524
3001 6529
1954 4198
912 5448
4365 5062
5037 5531
181 2733
127 4071
421 6714
1299 6477
4795 6139
3387 5789
1689 3528
3745 6095
1237 2473
2251 5856
10 6442
3379 4180
3141 5793
3058 3659
2041 2560
515 2496
2133 2353
4140 6356
3889 6332
907 5379
29 4425
297 4315
2749 3848
1587 5555
5414 5517
912 1683
941 4799
491 2200
2922 5297
348 5403
2115 2387
5596 5684
1433 2294
2739 6280
3697 6321
936 3154
2057 4597
5583 5885
3594 5572
5977 6306
3119 4930
2183 4907
1071 2762
5049 6363
2934 6275
2469 3092
45 3719
2177 6426
1073 5116
3068 5152
2095 6422
3366 4318
845 4413
1329 4495
1381 2245
1297 6617
2633 4286
4443 4897
1001 1078
4341 6218
3498 5399
1768 2908
3928 5175
3748 4237
564 2286
387 2112
2448 5746
2649 6400
4150 6706
2967 5299
3508 4172
800 5105
113 3384
2258 2749
2227 6048
2794 5411
70 1182
1452 2202
4613 4960
2702 3635
475 2914
1244 3718
2505 5302
4533 6038
1081 5585
1031 3017
2144 2723
851 6533
3669 4110
4652 6776
2619 5145
2227 4953
2741 5303
362 2147
250 6491
998 2027
1 5291
1985 5999
135 2601
1984 2100
493 6783
2554 6620
1255 1915
5785 6569
1009 6909
2887 4925
5326 6029
3226 5725
4068 5048
619 5091
399 1108
2012 3410
1388 2526
3552 6861
612 4721
2727 6701
3100 4287
3077 4538
4107 5157
2084 6407
1420 4693
68 6951
3013 5879
2406 5474
754 989
737 4072
889 4464
3834 4221
1374 2960
4074 4657
3604 5678
925 4772
1519 5777
1708 2013
5530 6447
2989 5717
586 686
1243 4574
146 371
2980 4158
1291 5933
76 2205
3011 4305
1083 2968
858 933
6056 6199
3452 6269
4838 6288
966 5376
4677 6719
4241 6036
2423 5814
1309 5336
789 4243
284 3031
3193 3758
347 1282
2603 5806
2707 2803
3071 4774
37 905
1209 3980
1160 3100
3652 3719
956 2909
500 2335
897 6438
3448 6809
4386 6437
2005 2887
4225 5855
405 1331
2485 3766
3527 4079
482 2621
5766 5777
4885 5475
3752 4977
4506 6993
5354 5698
67 4156
3974 4872
5253 5828
1104 3444
213 4022
2923 3818
954 3290
2485 3586
3871 6939
201 205
2818 5762
701 3993
485 5112
2635 4222
3922 5900
2198 2748
4598 5415
3883 4774
1396 2478
384 4881
951 2663
2034 2770
1618 6504
4197 5744
1773 3361
1990 2967
3843 5231
1227 3408
2738 5645
1124 2578
3144 4604
4340 4481
195 3797
322 5523
1947 2998
1440 2445
252 1579
464 3936
381 948
1734 4205
2005 2942
1488 1864
2154 2451
2891 3411
1041 2486
4046 4165
733 5356
1404 2517
2952 3069
4064 4318
4793 5749
949 5516
350 2188
2961 4494
3514 4802
391 3718
900 4462
1913 2346
131 744
770 6390
2590 6296
1572 2661
3348 6502
5334 6545
1548 6586
4786 6215
366 6631
4129 4207
2013 3063
176 593
1340 4941
1461 4841
3850 4739
1240 2531
3172 6761
1506 6866
1296 3026
374 2975
1723 5735
795 3468
533 6902
2610 5414
1789 6227
719 2877
1605 3126
3331 6470
2376 2998
2195 4394
4542 4690
5198 6270
1262 1311
3103 3469
1584 3259
2094 3679
467 6209
334 3051
137 4728
4059 4488
1304 3475
1332 3344
507 3063
782 5430
1845 4306
2791 5670
944 3988
4397 4978
2184 2269
6725 6785
4751 6736
2767 3126
2178 4347
3202 3909
296 1115
5865 6169
397 1908
1893 4481
312 4808
2264 5621
4389 6238
6109 6541
1176 3392
3667 4184
390 3917
1385 3571
2061 2647
937 5602
3600 5322
1673 6518
2640 5376
3964 4793
1476 6251
2645 5039
4860 6567
459 2219
3878 5429
525 3757
543 5384
1613 1901
1597 1639
1047 4991
600 1566
1111 2975
168 1783
3610 4747
1732 5134
2347 4751
1188 1768
1216 1796
1690 4459
2927 5232
2861 5237
947 6175
996 2981
1603 1677
3421 3636
275 4334
5364 6264
615 2440
1512 2824
3457 4149
1948 4052
1575 3832
4384 6397
2236 5899
2032 4025
2706 3802
3111 6170
2499 4174
3271 5442
1142 4307
6800 6979
5001 6615
4003 4788
5353 6548
1177 2582
357 1425
118 2963
869 1928
1745 4067
487 6564
1352 1531
4515 6273
215 394
316 4852
1385 3311
785 4926
5072 5115
708 2193
6090 6836
1793 3556
822 4152
4653 5894
2510 4510
2686 3806
4443 6528
5481 6230
4587 6597
5177 5530
260 3723
2030 5915
1584 2595
142 3736
3488 6157
1302 2197
69 140
3138 6660
1215 3622
2868 5220
280 2753
2615 5950
2408 5658
2338 3335
2808 6163
2847 5879
3727 5834
2246 4018
3270 3438
453 3025
2819 4021
3007 4112
1936 4438
844 3997
825 4663
51 4189
4358 5803
1510 3816
975 6474
2858 6227
1193 2991
1456 2582
1516 3727
280 4095
758 6950
2834 4328
2495 3714
265 6944
1610 2128
1066 5503
3056 4059
4924 5441
1318 5192
12 4364
4080 6662
3847 6044
2535 4835
1452 6812
2300 3898
2238 4849
444 5058
942 3682
4345 4910
3951 5793
381 569
623 2031
855 5445
688 5934
1340 4975
469 740
1003 2503
3189 5325
3758 6052
977 5324
5269 6780
5897 6611
587 2402
1056 4954
2228 2798
1806 4321
3867 6979
5696 6118
3174 3424
3501 5798
1656 6801
971 1597
54 574
1651 1785
700 6092
2732 6693
4093 5052
2138 3349
3307 3355
1115 4034
2404 4629
5952 6616
1583 5852
1647 3157
3588 6841
5031 5380
3139 3827
5148 5562
2457 4594
5830 6543
1987 6926
712 4053
2914 3726
1244 6982
2312 5895
5738 6887
1938 5627
2987 5716
1531 6517
3654 4486
6348 6914
3443 5706
3213 6140
452 5690
828 6136
1629 3206
1482 6668
1129 3553
342 4986
5929 6425
3601 4040
3435 5669
2 5169
143 3538
136 796
4141 4768
3623 5119
394 4060
237 4487
1429 4831
981 1331
285 676
1491 4172
4728 6534
6605 6689
361 2817
6275 6934
1371 3581
5294 5661
343 2103
4138 5493
4627 6718
2248 6601
5808 6500
4827 5468
919 995
1684 2353
4380 5704
218 1175
2737 4791
370 1838
1955 4135
1705 3074
613 5983
457 657
4433 6127
5586 5905
6160 6213
694 4388
1863 4861
1330 6037
2251 6031
1816 6272
3674 4644
5061 6842
3083 5234
794 6768
4605 6337
4838 6335
2875 5373
1784 3246
2760 3994
3965 4551
4142 4809
4548 5393
2974 4879
6357 6799
327 4611
204 4172
138 4636
1683 4993
3747 5236
1294 2889
2155 6178
1819 5455
1397 3526
5996 6145
3559 5103
1520 3591
805 3350
636 1942
547 1595
318 1046
2413 3791
2153 5901
142 5534
1140 5324
4766 5838
6133 6720
1173 4290
1895 4499
2390 3642
2060 4292
2794 4445
1028 5404
2210 2955
1112 1614
557 892
2135 6117
5754 6157
526 5737
5040 6230
1459 2575
2261 4431
3500 5363
648 1121
725 5570
6082 6785
992 6793
609 1907
2757 3724
240 4545
71 6348
3014 5464
1589 2425
6452 6507
258 5764
2173 2726
98 5214
3324 6967
2860 6307
4768 6680
277 2941
4271 4935
2540 4273
75 2611
4759 5664
2446 3701
1353 6144
1823 5256
5054 5924
3177 5012
1592 6034
4720 5872
941 1958
312 1744
4320 4446
1449 5365
2534 4423
627 6591
4982 6198
1091 3516
1011 3036
1556 1717
2776 3932
3211 4710
684 2453
873 6612
5603 6078
1556 3812
1178 5049
282 782
3155 5036
4243 6937
3048 3278
3045 4704
828 6968
1545 4956
5884 6610
742 6100
5760 6177
5507 5873
1035 2136
1529 5607
3825 3853
2920 5697
379 5560
3430 6011
769 4357
2462 3115
3152 4715
4731 4929
144 2461
2936 3417
384 5577
488 5003
1236 1435
6165 6699
1020 5049
2547 4460
638 6664
4560 4768
6187 6868
4088 4344
3963 6201
360 4063
1461 2705
4603 4931
317 5976
317 1595
3481 5071
2039 2705
92 4118
1814 2413
2344 3328
2705 6236
2705 6997
4360 5098
4724 5707
3008 5630
461 607
2881 5272
1243 2615
4047 6332
92 500
2287 6663
1893 5630
1991 3160
2705 3195
245 6520
2446 5242
3875 6654
1621 3209
2198 6356
2494 4931
2672 5471
2198 4631
1622 3263
2166 2748
1794 5630
5471 6520
4251 5012
4407 5071
92 2363
4021 4360
2344 6362
4346 6088
2141 4931
1444 1572
547 2640
998 1983
4360 4978
2287 4570
75 1221
2705 4508
2287 2656
4596 6181
2344 2509
609 5071
4841 6858
4002 5495
1828 3671
2505 5071
114 1814
415 1619
1814 6239
875 5071
4118 6332
1983 5299
2177 2920
540 5630
1745 1814
4360 5220
951 5371
3263 3866
317 1338
1306 2221
4360 6682
4666 5994
2143 6578
4587 6255
976 3041
2198 3116
338 4931
850 2167
4495 5740
2143 4574
1367 6731
4075 4731
1491 2661
2705 4015
2167 6329
4167 4931
461 4643
643 1188
1586 4075
370 4724
461 5192
1983 6528
4353 6573
271 431
104 4001
132 5398
768 5148
75 6825
2836 4282
1030 6562
5975 6830
2705 6753
462 2318
1466 3889
2632 3766
767 4191
4606 6332
2287 2462
1233 4360
951 3826
45 4041
1070 3221
4063 4103
1425 1619
1621 6735
2143 3310
92 2228
1622 3766
657 3536
2345 2748
1148 1975
4242 5122
1420 5465
4860 5679
2733 2820
3209 3642
370 1070
54 1983
3875 6095
4201 6597
2672 6537
3350 5976
240 4251
2519 3041
415 5826
132 684
2929 4929
1487 3510
3266 5802
304 5242
3367 4603
3209 3371
5272 6154
1514 5071
2445 4931
2024 6646
4931 6204
317 1884
3029 4191
104 4603
3652 6136
1070 1083
1869 5950
4648 5975
2039 3856
72 5562
640 5012
3654 5145
3603 5975
1540 3753
3889 5401
317 3679
435 4346
198 2663
2705 5651
400 4724
2344 5818
1425 5261
2308 2334
2446 6831
1712 2672
5261 5826
4924 6898
1550 4973
5997 6714
3866 4967
2230 5853
4733 5272
2344 5769
5158 5495
357 2619
3240 3889
2344 5338
5465 6215
1148 5429
2748 6337
2672 3415
3675 4895
4396 5802
1276 2167
5300 5394
2466 3856
1215 1983
643 978
2748 3253
4699 5863
3040 6924
998 6111
245 6709
2661 6567
2705 5601
1975 4180
3875 4011
1304 4631
4720 4756
475 2881
1376 3160
4005 4073
198 5248
1814 4050
461 653
208 2807
1586 6141
141 3141
2599 5272
92 962
135 474
3652 5074
2899 4724
1417 3378
3672 3816
5071 5286
5206 6340
1392 5012
594 1243
2489 6255
355 4720
2227 5630
317 2954
5630 6873
3912 5435
3856 4279
1988 4574
60 2672
456 3263
386 1254
317 6840
259 4860
1370 6013
461 2264
951 5247
1519 3875
192 2128
70 6624
4791 5730
5113 5242
1916 5919
2478 4001
1254 6302
569 1800
3875 4207
2344 5654
3734 6215
464 5934
5975 6710
1646 6709
1146 1942
1070 1924
3947 5872
2632 6727
5495 5736
1534 5300
3310 3547
850 889
79 1784
3401 4724
4346 4472
317 3663
2705 5514
3185 3632
3283 5879
3761 5919
2217 2344
39 5376
2661 4971
3338 5707
816 2600
3359 4386
4884 6624
4895 6575
4475 6255
1978 3734
2050 5314
2064 5485
2619 5590
240 3379
5872 6363
2705 2917
3616 6195
1221 5658
5161 5465
2720 4245
5697 5933
4570 6810
3137 3536
5823 6148
3113 5145
707 1596
5468 5741
2661 5466
2198 4421
2308 2742
4800 5901
1073 3164
118 5268
141 266
1817 2553
4596 4750
2990 6978
2024 2329
4606 6409
1084 2748
2640 6346
1628 6297
2623 3328
5876 6825
2344 5342
1596 1963
226 2312
2450 2464
725 4791
1978 4172
1254 1340
3774 6629
250 3672
2764 6825
1304 2007
2797 5122
1113 5281
2825 3342
2390 5679
688 3046
5957 6562
208 2622
1539 1800
704 3672
1750 2909
183 460
564 4073
3091 6221
4252 4641
643 1190
982 4951
3417 4025
2017 3164
86 1306
393 2349
1120 1787
901 2466
284 2469
4973 5741
79 6727
6240 6715
2898 2990
104 2221
132 2625
4090 5919
3094 6943
1329 6854
1484 5976
1522 5707
3962 4360
368 5210
2705 3090
183 3826
1370 3378
937 2970
3753 6803
1364 4084
395 1539
1847 3672
1596 2671
2901 5061
1285 3623
1789 1828
3056 4108
688 4981
97 6689
2648 5242
3850 6831
4324 4724
4666 5646
1444 2929
293 3820
2717 4724
2286 6903
2198 4335
3310 5615
3232 6112
417 2764
2287 4548
1722 5248
816 6477
1764 6906
1182 2908
2492 4409
4118 6614
1628 6571
2909 5299
2502 2881
1039 1882
6408 6735
1022 5837
3866 4467
189 5976
3859 4597
2041 5023
816 4052
1114 5646
4720 5651
5694 5703
2611 4059
2080 4941
1681 4073
32 6968
547 3571
2227 6562
1304 4655
4182 6437
3311 5879
1975 2506
707 3160
104 4889
1824 3536
497 5300
4594 4596
5465 5825
5357 6018
2672 4615
543 951
934 1828
3232 4521
54 3532
643 4810
1241 5588
1229 5242
1862 4388
377 4731
1206 4047
3925 5879
3815 6332
373 2807
2640 6664
1306 2539
1200 4724
1320 6409
2318 3378
2989 5837
2748 5288
5157 6085
2233 2672
4003 4841
1814 2277
5458 5853
1586 5357
3140 4386
5300 5685
4889 5524
828 1332
3856 4057
3536 6708
2198 2773
627 3188
4001 6116
5999 6683
475 574
1685 6683
2064 5756
3586 4789
1998 2640
3501 6241
75 3363
271 802
3195 4800
5820 6213
2221 3654
1539 6839
2344 4349
2133 5242
2898 3159
107 4201
3041 4372
3301 5837
2197 3671
1643 3211
3417 6292
2931 3678
1535 2334
4481 4714
1768 5183
1882 2623
2612 6831
2307 2482
1764 6558
582 3510
135 6961
4815 5116
4715 5526
1628 5611
103 5122
478 2720
3801 6241
2906 6667
3388 4587
1596 2491
1146 3371
2586 5299
1336 4720
2737 4375
2430 2451
1723 6727
1496 5271
4186 6512
2899 5697
2447 5328
3160 6739
3820 3925
1243 4271
569 1402
208 3223
2513 4916
1491 3311
2537 4346
1858 3671
774 6858
1685 6219
198 5435
2623 4059
1619 5722
1862 4377
30 6773
418 3761
357 1540
1276 1764
3188 4149
569 4909
1134 3481
3160 5125
158 1417
3623 4059
4587 5323
2931 4591
4022 5834
2075 5872
1013 4544
2457 5535
1748 4820
3581 4807
3632 5615
2993 3310
1689 4853
2825 6526
2561 5261
3328 4516
1101 1862
752 3056
135 1647
461 4442
3372 5853
636 2211
1483 2344
208 5197
2730 4047
917 6968
4047 5036
3012 5048
4478 5559
3491 5630
1621 6892
3490 6718
5061 6352
1548 1643
3727 4916
5658 6825
4068 4154
4234 5272
767 3963
643 6734
5206 6660
2920 5695
1367 3990
386 2501
1243 5845
5550 6903
574 6235
3276 6348
752 4481
1019 6215
561 816
3614 4486
208 6042
3623 6916
2165 2984
519 3532
3092 5075
4414 5357
3133 3263
5994 6888
1417 2373
7 2661
2611 2802
3092 4467
2027 4584
1841 3266
5574 5677
3713 3962
6715 6820
6195 6904
951 6273
646 1070
3856 4222
5014 6520
2122 3876
3786 5884
1975 2758
2963 6604
1367 6147
1086 2081
998 4327
213 6903
2408 3962
2873 3875
3864 4698
4213 6571
1032 1367
2362 3460
1695 5694
431 5171
1039 5278
448 474
2198 5025
4288 6195
889 6292
3259 6833
1083 5895
1148 2026
5645 6831
4228 5161
483 2970
75 6850
54 3379
1828 5850
1814 4620
3350 4485
1227 1539
3310 3811
1800 3412
2308 4647
1957 2017
2908 6985
1306 3937
767 6156
245 4038
3999 4820
1386 3263
357 2423
4786 6223
3652 5717
3774 6839
2676 6978
1784 3525
132 916
910 2845
2820 3398
4426 4720
3160 6286
141 375
4556 5975
3521 4647
3887 6409
3614 5658
2821 5658
2468 4724
202 3794
2783 4340
3642 5161
443 2027
4182 6978
2692 5823
881 1370
2413 4907
2549 3250
1646 2821
1572 3009
4346 6965
271 2319
3642 5696
686 3536
1264 4414
1817 6803
582 5814
2813 5872
5562 6207
2450 6551
2177 4173
791 1596
3826 6489
1628 4086
318 4353
1151 4936
3116 6903
5508 6141
951 6631
1054 3859
1504 3734
1756 3873
18 4560
2239 3889
1086 5368
1996 5863
2262 5906
1975 3618
4596 6133
208 4052
4791 5965
3652 5530
102 768
1695 5632
1572 3147
4815 5183
2376 4791
2190 5468
1417 3172
2563 5495
5608 6273
2984 3249
2053 4047
3339 6894
4734 5039
5300 5960
1862 5842
2984 4685
2196 6732
1539 5912
3032 5707
4820 5808
3779 6600
4936 5435
2057 4895
71 1190
2790 5722
4398 4902
2907 2970
2363 6831
424 2143
2970 4893
928 5529
3371 5526
594 5485
4028 6562
1153 3759
368 3847
4075 5988
5328 6118
1619 5326
721 1540
4693 6807
4219 5272
2323 3876
3367 6454
2497 6336
1353 5588
1304 6771
2622 4597
910 2023
2672 4473
956 2149
1049 2065
6641 6831
549 1370
1695 5241
950 1190
6103 6978
2920 3398
103 2656
6090 6279
4979 5863
1584 2501
1641 3437
1794 4252
1487 6534
1285 2320
1584 1898
323 5608
32 5299
3971 5217
3186 6376
1973 6898
204 1630
3583 3960
910 6244
1397 2172
278 4386
4435 6168
114 6715
6340 6833
3536 3575
3253 6195
377 5529
1048 2720
321 729
901 2136
611 982
1146 4461
3328 4552
880 4724
1641 6302
1539 6742
668 2748
6158 6209
573 4369
5916 6825
797 4047
1784 4577
5588 6109
1197 3652
1437 5282
2345 2825
4292 4386
1023 4925
1281 1584
1188 2887
3873 4714
788 1023
4807 6718
6255 6875
3080 6928
1506 6588
601 1444
1491 3589
3826 4122
661 1243
104 2497
3676 4346
2580 5274
1396 3826
4154 4409
4381 5075
1978 3355
220 4731
1013 6732
2240 3925
5813 6195
1755 3823
30 6294
5597 6842
4543 4666
5222 5272
4759 4853
643 3018
1898 5909
3599 5535
5148 5825
117 141
1138 4929
482 3960
3158 4668
2661 5173
447 1644
2195 3164
246 2853
2661 4173
2936 4478
2351 3672
3962 5540
1070 6669
1276 4957
2349 4084
240 6480
198 5158
161 1172
3821 4860
2065 2078
4715 6114
3633 6683
1083 2778
3429 4471
3678 6781
1417 2252
3791 6526
3962 4628
77 1184
3177 3624
3863 5535
1712 3586
594 3266
712 1184
4841 5214
2424 4353
97 482
3494 6409
1243 3665
4108 4329
1564 6895
1638 5012
1392 4907
4242 6102
235 448
2843 6382
3158 3681
1444 3867
2898 4159
1754 3820
125 482
910 2445
2709 3826
2024 3685
816 2526
2506 3959
666 2177
2022 3160
1350 1446
3041 4286
1296 3317
4791 5105
876 4057
5279 6524
2027 6767
418 4279
5605 6903
415 3580
3981 6977
4759 6195
547 3947
712 2190
3734 6233
4443 5646
1255 2908
2807 3271
623 6336
33 5145
549 1975
132 5734
3826 6362
4002 4527
5173 5703
1544 1882
2811 3180
4242 6425
2929 3694
78 3158
2139 3990
2105 5436
354 6332
1221 6354
2777 6571
6054 6687
1361 3056
1492 6116
4292 6195
1472 2708
6522 6586
5840 5876
2645 3532
1983 5956
788 6262
5154 6666
226 964
512 4532
311 6839
632 6783
768 1216
1354 6018
1180 3962
4126 6526
519 876
4201 4661
1883 3276
910 1406
760 4544
3922 4398
2471 5300
5312 5876
2374 5261
5485 6960
2078 5118
4132 6811
5764 6111
3339 5646
464 1023
4360 6238
1366 6903
2087 2663
1039 6699
6047 6963
2454 3094
1957 3821
982 3806
316 1254
3616 5154
1049 4383
393 1164
1607 4597
474 5355
5527 6409
271 1982
1897 6166
1575 4648
357 2622
1881 6520
2124 6660
928 5471
3804 3832
1141 3013
4166 6788
774 3008
445 4068
1874 5271
4083 6928
3008 6643
2027 2494
5465 5913
4959 6558
198 282
321 2057
3791 5117
213 1695
3394 3588
1013 4445
386 5322
2792 3015
1539 5370
2528 6013
5975 6467
793 1882
3154 6236
2553 5868
1516 4768
3248 5588
816 4261
6155 6241
126 950
5268 6916
2167 3314
426 981
1285 5912
1571 1957
4887 5272
2619 6110
3675 5405
3532 4377
2923 6255
941 3474
500 4570
704 6629
2778 6116
3013 3892
1682 5912
1271 2177
3900 6520
1461 1495
2534 3761
4720 6189
2435 4766
2044 5229
3094 4439
3400 5157
3962 4935
3246 5278
4596 6645
3719 4779
1417 6098
118 4446
4073 5077
1823 3981
1402 2467
1334 6928
1847 3142
2586 3981
2078 2801
1663 1847
6352 6654
3920 6894
969 5940
2177 4875
1821 2737
590 688
1894 5411
1813 2778
3177 6092
3183 3804
39 161
2276 3394
2513 4218
3259 5083
70 5676
3266 5614
1572 6672
2289 4724
2153 4946
1086 3386
3129 5611
4012 4445
768 2187
700 4322
1444 4045
766 4040
1828 5176
3832 4971
4172 5210
4779 5863
2007 2664
2327 2797
2811 4086
919 5485
3154 4794
3393 3727
2276 3478
2966 6524
1602 4927
1586 5775
1103 4542
2481 6437
2540 6924
5608 5637
5112 6382
699 4565
3063 3160
4025 6944
2790 4548
547 1472
6329 6881
1548 2538
3009 6600
220 4471
78 523
1304 6434
373 718
3235 4565
2423 6666
5371 6239
4255 6945
3413 6158
627 2792
4252 6154
1425 1816
1145 1548
5465 6784
3716 4791
2149 4461
2970 4726
1464 1596
246 1426
4715 4750
265 5274
2017 5199
972 3715
2466 6975
2592 3114
2485 6293
2041 5158
1575 5808
1779 6426
5442 6689
45 1252
4251 5503
2656 2670
3435 3675
1146 2723
934 4889
2623 6670
5239 5323
2500 4765
3508 6733
2319 6582
406 1740
21 3394
3616 5217
1821 3041
1838 4057
611 5863
18 1564
951 2862
1883 3814
1595 4457
2561 6183
3013 4308
1975 2953
967 1978
2265 5132
5981 6978
3633 3678
1882 3603
1723 5036
3475 6330
5703 6440
1823 3361
673 6842
2435 3576
1240 1957
3263 5778
2820 6100
2210 6168
1763 4734
3694 6227
4322 5358
303 574
816 6119
3340 3656
901 5153
1127 5976
1549 6633
2426 3656
1018 4479
344 3536
18 4794
3832 6597
1916 4655
4428 5322
1770 5299
2742 2942
792 6279
5217 6985
902 6600
850 2018
1572 3658
1350 5876
640 5868
1153 6267
5588 5873
347 1622
46 4073
1083 4907
2908 6310
3748 5376
3375 6575
2577 6426
1695 4064
643 4652
1768 4951
2932 3412
3271 4253
1370 5467
198 3445
370 3804
3169 5376
2825 3552
71 6982
3223 6082
5064 5834
2825 5530
5872 6490
2720 5502
1596 5062
5357 6781
1847 3158
2825 3847
5364 6215
1309 2656
2151 4166
293 3221
4949 6409
2041 5632
573 6208
3388 5039
982 4615
2411 3876
246 2719
1740 2802
5116 6156
353 643
1595 3181
1496 6602
2124 3747
3114 3156
140 6858
2723 5070
1306 5498
706 3823
1306 4969
538 4041
2026 6839
2765 3766
2426 3029
4574 6205
5142 5997
341 982
788 6721
4222 5411
1276 2278
1540 5365
5914 6689
3664 4841
688 2417
431 3853
3716 4033
543 2909
1230 2843
2784 6656
912 1572
610 1304
119 364
1458 5886
1552 5441
1306 2427
3671 5692
3614 6538
2898 4452
868 1153
4047 6446
2620 4068
2275 5826
3492 3726
3266 6733
3851 5526
3271 4534
193 3259
2191 6603
2601 5604
55 966
1798 5371
700 1838
1019 2255
259 6989
2803 4973
498 3875
415 1185
3536 3914
2357 5802
5281 6719
4348 6433
271 5295
4443 4534
1946 2057
11 4002
1151 1184
4201 4520
381 4732
2041 6643
1534 6654
2549 4526
791 3013
698 5802
1367 6320
4800 6323
4568 6715
610 2024
1939 6614
5661 6405
2301 4715
1148 2939
4239 6654
1113 4319
1018 2310
2081 6041
2090 4503
2162 5950
1553 5273
448 5394
798 3367
4693 5013
3268 3379
213 3878
3091 6433
1985 4975
1685 2817
2400 6614
6160 6918
2528 3851
3753 5220
3672 4911
2430 4459
5119 5694
969 1252
3065 4280
2667 2800
4724 6157
2071 6968
5697 6001
1113 2235
2076 4509
2849 6643
420 5823
399 3437
3867 6988
2790 5530
2025 3672
2452 3094
2396 2469
3272 3786
821 2450
1417 1790
852 3271
3344 6266
4073 4953
3912 6682
4272 4344
1595 5749
4941 5847
2923 4853
2549 5010
2081 5901
