113 138
119 138
125 138
138 146
138 147
138 164
138 168
138 174
138 181
146 157
125 126
146 172
90 113
95 113
107 113
103 119
119 133
125 141
147 187
164 188
164 197
174 227
147 241
181 257
168 268
168 274
154 157
157 163
157 179
157 190
157 193
110 126
123 126
126 139
126 144
172 201
172 208
187 369
70 90
74 90
79 95
90 96
102 103
103 129
133 165
188 214
188 226
197 252
227 297
187 316
257 323
268 342
241 361
56 70
75 79
123 142
297 339
323 381
342 434
369 446
369 478
369 502
61 70
69 74
74 86
96 104
102 106
117 123
102 135
139 151
139 152
144 156
154 167
163 175
129 177
179 192
179 199
190 211
190 212
193 217
201 225
208 232
214 250
165 272
226 278
252 307
316 441
37 56
42 56
55 56
50 75
62 75
75 89
117 120
136 142
142 160
142 169
151 170
278 324
338 339
339 378
339 395
381 427
381 448
434 495
434 504
67 69
69 80
86 99
106 132
106 150
152 166
156 176
167 180
151 183
175 191
192 206
192 210
199 222
135 233
211 240
211 242
212 243
217 246
225 249
232 267
250 290
177 372
441 510
446 532
441 544
478 561
502 574
21 37
26 37
32 37
37 47
91 120
109 120
120 130
120 143
166 186
170 195
170 202
311 324
324 337
324 354
495 526
544 627
29 42
39 50
57 62
55 63
67 73
62 83
89 127
136 162
166 184
176 189
180 194
191 204
169 219
160 220
206 223
183 224
206 230
160 236
210 239
222 251
240 258
240 260
242 261
246 265
243 270
249 280
267 294
132 351
132 356
338 367
378 388
378 394
150 406
395 415
427 438
427 456
233 458
448 486
495 534
504 559
510 573
532 589
510 598
561 605
574 617
63 71
186 198
186 209
186 216
511 526
526 530
526 554
526 562
627 637
617 650
627 659
627 676
60 71
71 88
619 650
8 21
14 21
20 21
17 26
24 29
30 32
35 39
32 45
54 57
57 82
109 111
83 112
109 128
130 148
130 158
143 185
184 196
189 200
194 203
204 218
195 229
202 235
223 238
223 245
230 253
239 256
224 269
219 276
251 279
162 283
258 285
261 286
265 287
258 288
260 291
219 292
270 293
280 299
127 310
220 312
294 313
311 333
236 349
337 353
337 364
354 375
388 396
388 407
415 426
438 450
438 469
456 489
351 549
406 553
534 576
351 580
559 596
356 602
573 632
573 639
66 71
71 81
71 97
54 108
450 459
635 650
650 653
650 669
650 679
676 690
580 697
676 700
676 708
58 108
108 161
439 459
459 472
647 697
697 703
5 17
10 17
11 20
16 24
20 27
33 35
30 43
45 52
111 118
111 131
128 149
148 182
196 207
148 213
200 215
198 221
218 234
209 237
216 244
238 254
238 255
235 259
229 263
245 264
253 275
158 281
256 284
279 298
285 301
285 302
286 303
288 304
291 305
293 306
299 320
313 331
333 344
185 348
353 362
353 373
364 385
283 402
396 404
396 417
469 487
489 506
511 521
530 538
530 551
554 570
554 575
562 590
310 592
576 606
596 623
549 631
632 664
632 671
639 678
93 108
373 389
404 428
445 459
459 461
459 470
459 479
108 557
108 657
674 679
679 691
679 694
679 702
697 718
697 782
697 796
379 389
389 412
657 752
3 16
15 16
11 23
31 33
27 40
43 51
49 58
52 64
66 78
81 100
81 101
118 121
118 134
131 153
207 228
149 231
221 247
234 248
237 262
244 266
254 273
254 277
255 282
264 289
275 296
284 300
298 309
304 314
305 315
301 317
302 318
301 319
306 321
320 330
182 332
331 343
344 357
362 370
213 382
281 423
348 454
472 488
487 501
506 516
521 527
538 543
538 555
551 568
570 582
570 586
575 595
590 613
606 628
623 640
653 655
631 687
671 692
664 698
678 706
700 720
690 721
700 725
708 737
703 833
15 22
23 48
40 65
101 124
389 392
389 403
424 428
428 436
628 643
687 731
718 794
657 825
657 863
4 23
48 98
2 22
22 46
25 48
65 72
94 124
124 145
626 643
643 662
716 731
794 853
59 98
77 98
49 92
134 178
247 271
153 308
314 325
314 326
315 327
317 328
317 329
330 341
343 355
357 365
370 377
370 383
231 410
412 416
445 449
457 461
332 462
461 468
470 473
470 481
479 490
382 494
488 498
423 512
501 513
93 515
516 523
527 533
543 545
543 556
555 567
568 577
582 588
582 593
586 601
595 615
655 673
674 685
691 701
691 709
694 715
702 722
706 732
720 733
720 740
725 749
721 750
737 766
557 820
782 858
796 878
752 888
833 912
1 22
18 22
65 84
115 124
124 159
124 205
638 643
643 651
731 738
731 771
794 819
794 857
825 973
98 122
98 140
98 295
98 442
98 466
13 25
956 973
960 973
13 34
13 38
46 68
46 171
145 322
325 334
325 335
326 336
328 340
341 352
355 363
365 374
377 386
377 391
392 399
178 401
403 408
416 418
416 425
424 433
436 443
449 453
457 465
308 475
468 476
473 482
481 491
490 497
498 508
513 519
410 522
523 528
533 536
542 545
545 548
462 550
494 563
556 564
567 572
577 583
588 594
588 597
593 607
601 618
615 629
660 662
662 668
92 682
673 683
685 695
701 710
701 719
709 727
715 728
722 735
733 742
733 751
740 762
732 764
749 778
750 781
766 792
515 802
853 884
853 894
858 908
878 932
888 957
912 967
820 980
159 421
973 1023
973 1056
973 1074
7 34
155 421
421 431
7 36
28 68
34 76
38 85
34 87
77 114
68 137
334 346
334 347
336 350
352 360
363 371
374 384
386 393
386 397
399 409
414 418
418 422
425 432
433 440
443 451
205 460
453 463
465 471
476 480
482 485
491 496
322 500
497 507
508 517
519 524
528 531
401 541
539 542
542 547
548 560
564 571
475 579
572 581
583 591
594 600
594 603
522 604
550 610
607 616
618 625
629 636
638 649
654 660
660 665
68 672
668 677
683 689
695 704
710 717
710 724
719 734
727 743
735 747
742 759
751 772
762 786
764 799
778 803
781 814
792 815
171 827
819 836
819 866
857 889
884 900
884 913
894 933
682 941
908 950
932 977
957 1006
967 1007
956 1013
960 1065
980 1086
345 421
421 540
421 565
421 609
442 761
786 813
814 841
913 946
827 1089
566 761
667 761
789 813
813 818
837 841
841 871
922 946
946 971
991 1089
1089 1154
12 36
809 813
761 817
813 826
761 828
813 832
841 856
841 873
871 899
892 899
761 902
761 931
946 951
946 978
946 988
1122 1171
1089 1205
1089 1224
12 41
28 53
36 105
347 358
347 359
360 368
371 380
384 390
393 400
393 405
413 414
414 420
422 430
432 437
440 447
451 455
463 467
471 477
480 484
485 493
496 503
295 505
507 514
517 520
524 529
76 537
535 539
539 546
431 552
547 558
560 569
571 578
295 584
460 585
581 587
591 599
85 608
600 611
500 612
600 614
616 622
76 624
541 630
625 634
636 645
579 646
604 648
652 654
466 658
654 663
665 675
677 686
689 699
704 712
137 714
717 726
717 730
724 739
734 748
743 757
747 765
87 769
759 777
137 904
889 907
950 985
977 1011
1006 1035
1007 1037
1006 1041
1013 1050
1023 1084
1074 1122
1056 1123
1056 1127
1065 1141
899 918
1113 1171
1164 1171
9 41
6 53
897 899
899 917
899 927
931 1048
1144 1171
1171 1186
1171 1194
1171 1208
1173 1238
1193 1238
1204 1305
1224 1305
41 44
19 53
53 116
41 173
359 366
368 376
380 387
390 398
400 411
413 419
420 429
430 435
437 444
447 452
455 464
467 474
477 483
484 492
493 499
503 509
514 518
520 525
540 620
614 621
622 633
505 641
634 642
552 644
565 656
585 661
609 666
612 670
630 680
646 681
584 688
658 729
730 741
730 745
739 754
748 763
757 770
658 775
765 780
777 791
837 848
537 869
537 887
105 928
907 936
624 969
971 1002
985 1012
1011 1032
1037 1062
1035 1068
1035 1070
1041 1076
769 1078
714 1157
1123 1173
714 1176
904 1188
972 1048
994 1048
1216 1238
1238 1264
1305 1311
1048 1059
1048 1067
1053 1072
1072 1085
1048 1108
1048 1110
1238 1258
1238 1300
1238 1316
1305 1338
1305 1364
1305 1377
1350 1479
1409 1479
620 684
644 693
641 696
661 705
656 707
680 711
670 713
666 723
688 744
745 756
745 760
754 767
763 776
770 784
780 793
729 798
791 806
809 823
173 831
826 839
826 843
775 850
848 854
848 865
856 876
828 906
918 939
936 952
951 976
902 979
869 990
978 996
978 1005
988 1015
1002 1027
1032 1053
887 1061
1062 1091
1068 1098
173 1102
1070 1103
969 1138
928 1190
1078 1215
1188 1318
1176 1350
1034 1072
1072 1096
1424 1479
1479 1513
1409 1462
1045 1072
1071 1072
1072 1092
1104 1130
1120 1130
1120 1155
1134 1155
1155 1166
1121 1213
1180 1213
1300 1341
1338 1386
1398 1469
1424 1469
1479 1510
1479 1538
1479 1549
684 736
693 746
713 753
696 755
705 758
760 768
760 773
707 774
767 779
776 787
723 788
784 797
793 808
744 811
806 821
823 834
839 847
839 849
854 859
798 860
854 868
865 879
876 895
850 909
897 910
917 926
917 930
927 940
939 954
906 965
952 974
976 992
996 1010
979 1018
996 1019
1005 1028
979 1038
1085 1104
990 1121
1186 1200
1186 1220
1194 1229
1138 1234
1208 1237
1102 1272
1215 1299
1190 1301
1102 1304
1112 1130
1155 1187
1153 1213
1213 1255
1328 1341
1341 1357
1386 1407
1434 1469
1513 1573
1130 1131
1130 1145
1130 1158
1155 1179
1210 1213
1213 1261
1213 1280
1341 1349
1341 1371
1341 1376
1386 1393
1386 1414
1386 1430
1379 1460
1406 1460
1469 1486
1469 1537
1469 1546
773 783
773 785
779 790
736 801
758 804
797 805
746 807
808 816
755 829
821 830
774 840
834 842
788 845
847 855
847 861
859 870
811 875
868 880
879 893
895 903
860 914
910 921
926 935
926 937
930 942
940 953
909 958
954 970
974 986
992 1001
965 1008
1010 1020
1010 1024
1019 1031
1018 1055
1018 1064
1038 1082
1067 1105
1096 1114
1108 1137
1108 1143
1110 1168
1200 1214
1200 1230
1220 1245
1229 1262
1237 1265
1258 1293
1234 1310
1299 1356
1299 1379
1272 1429
1513 1584
1396 1460
1460 1492
1429 1449
1584 1662
1443 1460
1460 1509
1486 1527
1460 1535
1614 1723
1689 1723
1489 1527
1527 1571
1645 1723
1723 1816
785 795
785 800
805 812
816 824
830 838
807 844
842 851
801 852
855 864
855 867
870 877
829 882
840 886
845 890
880 891
893 901
903 916
875 919
921 929
935 943
935 945
937 947
914 961
953 966
970 984
986 998
958 1003
1001 1016
1020 1029
1020 1033
1024 1040
1008 1049
1031 1052
1069 1071
1071 1087
1055 1088
1055 1095
1064 1101
1092 1106
1082 1117
1114 1124
1137 1148
1137 1159
1143 1182
1187 1202
1168 1211
1214 1226
1214 1236
1230 1248
1245 1267
1265 1286
1262 1288
1293 1317
1255 1319
1328 1339
1310 1361
1407 1452
1429 1521
1510 1560
1538 1578
1549 1614
1360 1388
1388 1400
1487 1509
1509 1526
1507 1527
1527 1530
1509 1558
1527 1563
1509 1574
1723 1733
1723 1809
1723 1957
1957 2154
1521 1581
1689 1761
1347 1388
1388 1438
1957 3162
800 810
812 822
824 835
838 846
851 862
864 872
864 874
852 881
877 885
891 898
901 911
890 915
882 923
886 924
916 925
929 938
943 949
943 955
919 962
945 964
966 982
984 995
961 1000
998 1014
1016 1026
1003 1042
1029 1044
1029 1046
1033 1051
1063 1069
1049 1080
1069 1081
1087 1100
1106 1118
1088 1119
1088 1126
1095 1132
1124 1135
1101 1139
1124 1140
1145 1156
1148 1169
1158 1174
1148 1178
1179 1196
1182 1209
1202 1218
1226 1233
1226 1241
1211 1242
1210 1247
1236 1254
1248 1270
1261 1282
1267 1285
1261 1295
1286 1307
1286 1309
1280 1322
1317 1333
1339 1355
1319 1360
1339 1362
1371 1383
1371 1389
1376 1402
1393 1416
1414 1432
1414 1447
1430 1467
1492 1566
1537 1576
1546 1585
1560 1603
1521 1622
1366 1388
1388 1390
1388 1433
1507 1512
1558 1586
1957 2162
1957 3083
1622 1738
1498 1512
1512 1540
1551 1586
1586 1595
2141 2265
2265 3067
874 883
885 896
898 905
911 920
925 934
938 944
924 948
923 959
949 963
949 968
955 975
982 989
962 999
995 1004
1014 1021
1000 1036
1026 1039
1044 1054
1044 1060
1042 1075
1063 1079
1081 1097
1080 1109
1100 1115
1118 1133
1119 1146
1135 1149
1135 1150
1119 1152
1126 1160
1132 1165
1156 1172
1174 1189
1169 1197
1169 1199
1196 1207
1218 1227
1209 1232
1233 1244
1233 1249
1242 1263
1254 1266
1242 1273
1270 1281
1285 1297
1282 1302
1282 1320
1295 1323
1307 1326
1307 1330
1333 1351
1355 1375
1355 1378
1383 1401
1383 1405
1389 1412
1416 1428
1432 1446
1447 1466
1467 1483
1535 1594
1571 1600
1576 1604
1571 1610
1585 1633
1566 1647
1603 1675
1622 1741
1493 1512
1508 1512
1512 1522
1567 1586
1586 1587
1586 1611
1586 1615
1598 1621
1595 1631
1616 1631
1621 1639
1634 1711
1654 1711
1699 1711
3479 4032
1875 2265
2265 3278
1741 1931
3162 3470
1884 2265
1970 2265
2224 2265
2265 2984
1583 1621
1621 1667
1631 1670
1683 1711
1711 1756
3613 4032
3882 4032
968 981
968 983
959 987
989 997
1004 1017
999 1022
1021 1030
1039 1047
1036 1057
1054 1066
1054 1073
1079 1090
1075 1094
1097 1107
1115 1125
1109 1128
1133 1142
1149 1161
1146 1162
1149 1167
1146 1175
1152 1183
1172 1184
1160 1191
1189 1201
1207 1221
1197 1223
1197 1228
1227 1240
1244 1256
1232 1257
1244 1260
1266 1277
1263 1284
1263 1289
1281 1294
1297 1315
1302 1321
1302 1329
1326 1335
1320 1340
1326 1345
1351 1367
1375 1385
1375 1395
1401 1417
1401 1418
1405 1422
1428 1442
1446 1461
1438 1472
1466 1480
1487 1503
1526 1529
1530 1557
1563 1598
1600 1634
1594 1655
1647 1729
1675 1730
1733 1787
1741 1857
1809 1877
1931 2766
3162 3664
3162 3855
1597 1621
1621 1627
1631 1637
1631 1656
1621 1664
1631 1676
1711 1750
1711 1801
3067 3608
3608 3613
3886 4032
4032 4144
4032 4175
4032 4190
2766 3479
3855 4103
2984 3135
3135 3400
983 993
997 1009
1017 1025
1030 1043
1047 1058
1066 1077
1066 1083
1090 1099
1107 1116
1125 1136
1142 1151
1161 1170
1161 1177
1175 1192
1184 1195
1175 1206
1201 1212
1183 1217
1221 1231
1223 1246
1240 1250
1223 1252
1256 1269
1256 1275
1257 1279
1277 1290
1284 1308
1294 1312
1284 1314
1315 1332
1321 1342
1321 1344
1329 1348
1335 1353
1335 1358
1365 1366
1367 1380
1390 1399
1385 1403
1385 1410
1390 1427
1417 1431
1417 1437
1418 1440
1442 1457
1433 1458
1461 1476
1472 1490
1503 1515
1529 1539
1534 1540
1529 1548
1540 1553
1655 1724
1729 1815
1787 1836
1877 1996
1877 2312
2162 3092
3083 3566
3664 3835
3664 4021
3855 4154
2632 3135
3135 3469
1750 1848
1848 1888
2722 3366
3150 3366
3570 3608
3608 3715
3608 3821
2787 3135
2970 3135
3135 3140
3135 3415
4154 4220
1782 1848
1848 2057
2869 3366
3366 3536
1083 1093
1099 1111
1116 1129
1136 1147
1151 1163
1170 1181
1170 1185
1195 1203
1206 1222
1212 1225
1206 1239
1231 1243
1250 1259
1246 1268
1246 1274
1269 1276
1269 1283
1279 1296
1290 1298
1312 1324
1308 1331
1308 1337
1332 1343
1353 1363
1344 1370
1342 1372
1353 1374
1380 1392
1397 1399
1403 1415
1403 1420
1399 1423
1431 1441
1431 1450
1427 1453
1437 1456
1457 1475
1458 1478
1476 1494
1490 1502
1501 1508
1508 1519
1515 1524
1528 1534
1539 1544
1534 1545
1539 1555
1548 1565
1553 1570
1587 1588
1587 1602
1611 1625
1611 1628
1667 1695
1667 1714
1670 1715
1724 1773
1996 2185
1996 2722
3092 3528
3566 3745
3835 3948
3835 4067
4021 4157
4154 4209
1641 1668
1649 1668
1668 1674
1707 1737
1737 1754
1837 1848
1850 1884
1848 1951
2403 3020
2869 3020
3355 3366
3366 3538
3366 3602
4163 4164
4149 4178
4178 4196
4209 4245
1652 1668
1668 1694
1694 1737
1737 1780
1824 1850
1850 1903
1951 2199
2743 3020
4104 4164
4136 4178
4164 4194
4178 4211
1668 1671
1668 1685
1708 1737
1737 1740
1737 1771
1802 1850
1819 1850
1842 1850
1866 1951
1951 1998
1951 2178
3020 3057
3020 3274
3020 3407
3952 4015
4015 4050
4122 4164
4139 4164
4158 4178
4164 4179
4178 4182
4164 4200
4178 4203
1185 1198
1203 1219
1225 1235
1239 1251
1243 1253
1259 1271
1268 1278
1276 1287
1276 1291
1268 1292
1298 1313
1296 1325
1324 1334
1331 1352
1343 1354
1331 1359
1363 1373
1363 1382
1370 1387
1392 1404
1397 1419
1415 1425
1415 1436
1423 1445
1441 1455
1441 1459
1450 1468
1453 1470
1475 1485
1478 1495
1497 1501
1501 1511
1502 1517
1523 1528
1524 1536
1528 1542
1544 1554
1545 1559
1544 1562
1555 1575
1570 1582
1588 1593
1588 1605
1597 1608
1602 1620
1627 1632
1625 1641
1625 1644
1627 1653
1664 1690
1695 1716
1695 1749
1773 1803
3528 3702
3745 3857
3948 4022
3886 4053
3948 4083
4067 4149
4144 4163
4144 4195
4190 4227
4209 4229
4190 4235
3892 4015
4015 4077
4229 4252
1833 1842
1833 1876
2588 2788
2788 2897
3198 3274
3274 3362
3274 3429
3274 3437
3607 3670
3729 3813
3813 3869
3950 4015
4015 4018
4015 4068
4200 4222
4221 4222
4222 4241
1291 1303
1292 1306
1313 1327
1325 1336
1334 1346
1354 1368
1352 1369
1352 1381
1373 1384
1373 1391
1387 1411
1404 1413
1425 1435
1419 1439
1425 1444
1445 1463
1455 1464
1455 1474
1459 1477
1470 1484
1491 1497
1495 1505
1497 1506
1516 1523
1517 1525
1523 1532
1536 1543
1542 1550
1554 1561
1559 1568
1554 1572
1562 1580
1582 1592
1593 1601
1593 1612
1608 1613
1605 1623
1632 1636
1620 1640
1644 1659
1632 1661
1653 1677
1690 1703
1716 1735
1716 1758
1749 1784
1970 2059
2180 2224
3400 3551
3570 3659
3536 3700
3715 3773
3702 3804
3715 3833
3857 3952
3821 3972
4022 4087
4195 4217
4229 4231
4227 4236
4227 4251
1812 1833
1833 1871
2366 2788
2788 2999
3577 3670
3670 3684
3645 3813
3813 3965
4198 4222
4222 4243
4231 4249
1807 1833
1817 1833
1833 1838
1846 1858
1858 1889
2049 2068
2049 2241
2194 2241
2739 2788
2788 2871
2788 2973
2999 3071
3501 3567
3567 3577
3621 3670
3670 3698
3670 3736
3670 3741
3709 3813
3813 3816
3813 3931
4068 4094
4094 4105
4210 4222
4222 4226
4224 4232
4224 4244
1381 1394
1391 1408
1411 1421
1413 1426
1435 1448
1439 1451
1435 1454
1464 1471
1463 1473
1464 1481
1484 1496
1491 1499
1505 1514
1504 1516
1516 1520
1525 1533
1532 1541
1543 1552
1550 1556
1561 1569
1568 1577
1561 1579
1572 1591
1592 1596
1601 1609
1601 1618
1613 1619
1612 1630
1636 1642
1623 1643
1640 1660
1636 1663
1659 1678
1661 1684
1677 1697
1703 1719
1735 1743
1735 1765
1758 1786
1784 1829
1903 1939
2059 2071
2153 2180
2180 2325
2199 2588
3355 3511
3469 3529
3469 3591
3538 3607
3538 3644
3602 3718
3659 3729
3700 3789
3773 3922
3972 4054
4050 4098
4087 4125
4211 4225
4231 4237
4236 4253
1828 1858
1858 1915
1915 2068
2241 2411
3071 3090
3496 3567
4051 4094
4094 4130
4214 4224
4224 4238
4237 4246
1827 1858
1851 1858
1862 1869
1858 1883
1926 2068
2027 2068
2018 2075
2068 2174
2188 2228
2068 2258
2228 2294
2241 2605
2241 2685
2871 2990
3071 3116
3071 3174
3071 3184
3218 3440
3408 3440
3440 3517
3522 3567
3567 3578
3567 3619
3728 3816
3786 3816
3760 3819
3800 3819
3816 3854
3816 3917
4069 4094
4088 4094
4094 4116
4151 4166
4202 4224
4204 4224
4219 4224
1454 1465
1471 1482
1471 1488
1500 1504
1504 1518
1520 1531
1541 1547
1556 1564
1577 1589
1579 1590
1579 1599
1596 1607
1609 1617
1609 1626
1619 1629
1618 1638
1630 1650
1642 1651
1643 1665
1642 1669
1660 1681
1663 1688
1678 1696
1684 1705
1708 1718
1719 1727
1740 1744
1743 1751
1743 1767
1740 1770
1765 1792
1771 1793
1786 1814
1829 1846
1876 1905
1939 1982
2037 2071
2118 2153
2153 2237
2325 2610
2776 2787
2937 2970
2970 3040
2897 3056
3140 3168
3140 3354
3415 3476
3529 3580
3644 3727
3718 3794
3789 3862
3869 4019
4054 4099
4077 4117
4127 4139
4125 4140
4139 4159
4158 4161
4174 4179
4177 4182
4182 4197
4203 4218
4232 4237
1845 1862
1862 1887
1971 2018
2018 2137
2137 2228
2228 2371
2685 2762
2938 2990
3252 3440
3440 3560
3788 3819
3819 3860
4143 4151
4151 4183
2206 2279
2279 2280
1843 1862
1855 1862
1862 1868
1862 1882
1918 2018
1944 2018
2018 2025
2027 2087
2018 2114
2189 2228
2228 2233
2228 2291
2174 2292
2258 2619
2605 2726
2685 2734
2685 2822
2685 2857
2990 3001
2990 3068
3406 3440
3481 3502
3440 3507
3819 3828
3819 3852
3819 3863
4006 4038
4038 4046
4080 4114
4114 4135
4126 4151
4128 4151
4141 4151
4114 4162
4151 4168
2574 2633
2574 2705
1599 1606
1617 1624
1617 1635
1626 1648
1638 1658
1650 1673
1669 1679
1665 1686
1669 1692
1681 1702
1688 1710
1718 1725
1727 1731
1744 1747
1751 1753
1744 1768
1751 1774
1770 1789
1767 1795
1869 1871
1871 1897
1905 1947
2004 2037
2075 2118
2610 2655
2776 2783
2937 2946
3040 3065
3056 3165
3168 3218
3198 3276
3362 3401
3362 3424
3429 3457
3429 3466
3580 3633
3684 3760
3794 3867
3862 3909
3950 3957
4010 4018
3965 4045
3965 4073
4110 4127
4105 4134
4127 4150
4156 4161
4169 4174
4166 4177
4174 4189
4177 4193
2232 2279
2279 2468
1978 2087
2087 2207
3461 3502
3502 3514
3993 4038
4038 4066
4036 4114
4114 4148
2463 2574
2574 2647
4226 4240
2259 2279
2279 2295
2279 2350
2279 2431
2008 2087
2055 2087
2087 2128
2206 2207
2292 2484
2292 2675
2619 2752
2619 2764
2726 2786
2726 2794
2726 2813
2822 2907
3166 3239
3474 3502
3502 3508
3502 3526
3502 3544
4008 4038
4038 4047
4038 4071
4060 4114
4106 4114
2360 2574
2386 2574
2441 2574
2526 2574
2574 2596
1635 1646
1635 1657
1648 1672
1658 1682
1673 1693
1692 1701
1686 1706
1692 1713
1725 1726
1731 1734
1745 1747
1753 1759
1747 1763
1753 1776
1768 1785
1774 1799
1798 1807
1797 1817
1817 1820
1897 1920
2655 2691
2783 2805
2739 2865
2946 2966
3065 3084
3090 3210
3165 3315
3276 3377
3401 3423
3401 3445
3457 3481
3457 3495
3633 3650
3621 3669
3698 3722
3698 3752
3736 3775
3741 3779
3867 3915
3957 3960
3931 4004
4006 4010
4045 4080
4169 4184
4189 4208
4223 4226
4216 4238
4234 4238
4233 4240
4238 4247
2907 2925
3087 3166
3166 3374
4233 4248
1904 1917
1904 1943
2139 2206
2191 2206
2672 2675
2675 2737
2675 2758
2834 2852
2875 2907
2907 2957
2834 2986
2907 2995
2907 3009
2925 3029
2971 3029
3060 3166
3106 3166
3166 3192
3166 3325
3655 3737
3734 3737
3737 3808
4008 4009
4033 4047
4047 4052
4047 4070
4165 4176
4176 4191
4176 4205
1895 1904
1904 1929
2468 2638
2758 2798
2730 2834
2834 2991
3029 3037
3665 3737
3737 3836
3981 4009
4146 4176
4176 4192
1657 1666
1657 1680
1672 1691
1682 1700
1693 1712
1713 1721
1726 1732
1734 1746
1745 1752
1745 1762
1759 1766
1763 1778
1759 1779
1781 1797
1776 1800
1797 1804
1820 1825
1799 1826
1844 1851
1851 1867
1883 1891
1887 1901
1925 1926
2371 2539
2691 2716
2805 2830
2762 2918
2865 2952
2966 2985
3084 3097
3116 3146
3116 3199
3239 3252
3174 3265
3174 3285
3184 3286
3210 3357
3315 3399
3423 3436
3495 3542
3560 3586
3578 3592
3578 3625
3647 3650
3619 3656
3669 3697
3650 3717
3722 3740
3722 3763
3752 3784
3786 3791
3775 3810
3775 3814
3779 3815
3854 3880
3860 3905
3854 3938
3956 3960
4088 4095
4088 4107
4162 4180
4183 4186
4184 4199
4187 4204
4204 4206
4207 4216
4215 4216
4213 4223
4228 4233
4230 4234
4233 4239
4234 4242
1892 1904
1900 1904
1904 1907
1973 1975
1975 2010
2120 2191
2133 2191
2159 2191
2191 2215
2285 2316
2316 2418
2468 2581
2468 2659
2705 2730
2712 2737
2737 2750
2737 2779
2737 2785
2758 2814
2758 2827
2770 2834
2834 2890
3029 3047
3029 3078
3029 3095
3665 3694
3737 3778
3990 4009
3992 4009
3999 4009
3997 4033
4012 4033
4033 4035
4039 4078
4039 4100
4142 4152
4142 4167
4142 4170
4147 4176
4171 4176
4239 4250
1932 1975
1975 2014
2215 2244
2251 2316
2316 2536
3618 3694
3935 4039
4028 4039
4039 4072
4124 4142
4142 4145
1680 1687
1680 1698
1691 1709
1700 1720
1732 1739
1752 1757
1752 1769
1781 1788
1779 1790
1779 1805
1804 1808
1800 1822
1825 1830
1839 1844
1843 1847
1844 1859
1855 1863
1867 1873
1868 1880
1868 1886
1891 1894
1899 1918
1917 1925
1911 1944
1944 1968
2025 2036
2025 2103
2114 2161
2189 2210
2233 2253
2291 2349
2539 2627
2716 2732
2830 2852
2918 2994
2952 3002
3001 3045
3068 3109
3146 3177
3146 3229
3199 3317
3265 3345
3265 3353
3286 3378
3285 3382
3357 3411
3436 3449
3406 3451
3507 3537
3514 3561
3586 3594
3592 3598
3592 3627
3625 3652
3647 3655
3656 3683
3697 3720
3740 3754
3740 3770
3763 3796
3784 3826
3810 3839
3810 3841
3814 3844
3815 3846
3852 3877
3852 3881
3880 3910
3863 3912
3946 3956
3880 3986
3967 3993
4092 4095
4095 4113
4109 4126
4118 4126
4129 4141
4131 4148
4141 4153
4148 4165
4168 4173
4172 4187
4187 4188
4185 4207
4201 4207
4212 4215
1933 1975
1959 1975
1975 1995
2172 2215
2213 2215
2215 2238
2244 2266
2264 2316
2316 2318
2316 2463
2701 2705
2785 2789
2779 2800
2779 2804
2785 2808
2785 2810
2779 2817
3452 3475
3475 3506
3636 3694
3676 3694
3694 3743
3989 4012
3995 4012
3998 4012
4012 4024
3951 4039
4026 4039
4112 4142
4119 4142
2266 2269
3420 3475
3475 3524
2220 2248
2245 2248
1698 1704
1698 1717
1709 1728
1739 1748
1757 1764
1757 1775
1788 1794
1805 1810
1808 1813
1805 1823
1830 1834
1839 1841
1847 1853
1839 1856
1863 1870
1873 1874
1880 1890
1898 1911
1911 1928
1943 1973
1968 1987
2036 2050
2042 2055
2055 2093
2036 2101
2103 2148
2161 2190
2210 2227
2627 2658
2752 2802
2764 2816
2813 2826
2813 2868
2994 3038
3045 3086
3109 3145
3177 3195
3177 3258
3229 3340
3317 3386
3345 3393
3353 3410
3378 3419
3382 3425
3374 3428
3449 3464
3451 3485
3449 3487
3508 3515
3508 3533
3537 3550
3526 3553
3544 3571
3594 3600
3598 3611
3598 3632
3627 3657
3652 3677
3683 3706
3720 3735
3754 3765
3754 3782
3770 3807
3796 3830
3826 3859
3839 3870
3839 3871
3841 3878
3846 3885
3877 3903
3877 3907
3910 3932
3930 3946
3953 3967
3910 4011
4060 4065
4091 4092
4078 4106
4097 4109
4101 4118
4108 4129
4129 4133
4153 4155
4152 4172
4181 4185
2065 2090
2065 2104
2186 2213
2202 2213
2213 2219
2213 2242
2266 2290
2266 2317
2317 2324
2266 2329
2407 2563
2459 2563
2646 2647
2629 2694
2660 2694
2695 2741
2714 2741
3430 3475
3454 3475
3475 3499
3629 3636
3803 3805
3805 3868
2230 2248
2248 2270
2046 2065
2065 2081
2317 2388
2495 2563
2563 2599
2611 2646
2646 2692
2668 2694
2694 2710
2710 2741
2741 2754
3499 3535
3590 3629
3629 3668
3755 3805
3805 3890
2248 2249
2248 2267
2248 2273
2248 2275
1717 1722
1717 1736
1748 1755
1764 1772
1764 1783
1794 1806
1813 1821
1823 1832
1834 1840
1841 1852
1853 1860
1841 1861
1874 1878
1870 1879
1885 1898
1898 1906
1928 1952
1987 2006
2042 2051
2050 2069
2042 2095
2050 2107
2101 2140
2148 2175
2190 2212
2638 2684
2638 2700
2798 2841
2798 2846
2802 2847
2816 2862
2868 2911
2868 2927
2957 2978
2988 2991
2957 3015
2995 3042
3009 3048
3044 3060
3037 3085
3088 3106
3086 3119
3106 3132
3145 3156
3172 3192
3195 3230
3192 3283
3195 3306
3258 3369
3325 3387
3340 3402
3386 3432
3393 3439
3410 3447
3428 3452
3419 3455
3464 3471
3464 3494
3515 3525
3515 3546
3550 3562
3533 3568
3553 3589
3600 3606
3611 3617
3611 3637
3632 3661
3657 3681
3677 3693
3706 3716
3735 3746
3765 3774
3765 3798
3782 3825
3807 3845
3836 3864
3830 3872
3859 3895
3870 3899
3871 3902
3878 3906
3885 3918
3903 3926
3947 3953
3953 3974
4052 4059
4052 4076
4079 4097
4082 4101
4086 4108
4108 4111
4100 4120
4132 4133
4160 4167
1981 1991
1991 2007
2024 2065
2038 2065
2060 2065
2219 2220
2242 2274
2290 2305
2290 2337
2290 2358
2317 2363
2329 2376
2329 2387
2317 2402
2563 2577
2563 2622
2563 2637
2589 2646
2602 2646
2645 2646
2668 2702
2694 2723
2694 2735
2741 2748
2741 2772
2741 2774
3473 3499
3486 3499
3499 3509
3584 3629
3603 3629
3629 3638
3753 3805
3783 3805
3805 3843
4020 4031
4020 4058
4044 4084
4044 4085
1961 1991
1991 2024
2201 2220
2676 2702
3978 4020
4044 4049
4044 4056
4020 4064
1736 1742
1755 1760
1772 1777
1772 1791
1806 1811
1821 1831
1840 1849
1861 1864
1860 1865
1878 1881
1872 1885
1885 1893
1892 1896
1902 1907
1907 1910
1906 1914
1952 1963
2006 2022
2014 2029
2051 2070
2069 2082
2069 2117
2090 2120
2131 2133
2107 2143
2155 2159
2140 2169
2175 2200
2212 2231
2350 2407
2431 2532
2581 2629
2700 2731
2750 2768
2744 2770
2770 2811
2814 2840
2814 2848
2827 2863
2841 2880
2841 2884
2846 2888
2847 2899
2890 2914
2911 2932
2911 2950
2979 2988
2978 2992
2978 3022
3026 3044
3015 3052
3042 3077
3042 3080
3063 3088
3048 3089
3047 3113
3078 3121
3088 3124
3078 3136
3095 3147
3160 3172
3156 3180
3172 3225
3230 3247
3230 3327
3283 3350
3306 3379
3369 3412
3402 3441
3432 3465
3447 3480
3455 3488
3471 3503
3525 3532
3525 3554
3562 3573
3546 3574
3568 3596
3579 3618
3617 3624
3617 3643
3637 3667
3661 3685
3681 3701
3716 3726
3746 3758
3778 3803
3899 3925
3902 3928
3906 3936
3947 3949
3947 3969
3974 3984
4035 4043
4059 4063
4048 4072
4062 4082
4061 4086
4081 4086
4072 4089
4102 4111
4120 4123
4093 4124
4115 4145
4137 4145
4138 4147
1965 1991
1986 1991
1991 2011
2193 2220
2203 2220
2274 2283
2274 2301
2381 2382
2337 2394
2358 2397
2358 2400
2381 2449
2622 2656
2696 2702
2702 2711
2702 2725
2723 2756
3390 3394
3390 3427
3483 3486
3483 3520
3968 4020
3977 4020
4020 4030
4000 4044
4013 4044
4016 4044
3984 3994
2339 2381
2375 2394
2381 2469
2604 2656
2656 2669
2756 2760
3348 3390
3390 3417
3456 3483
3483 3490
1791 1796
1811 1818
1831 1835
1849 1854
1912 1933
1930 1933
1948 1959
2104 2113
2117 2123
2129 2131
2117 2151
2149 2155
2155 2167
2143 2171
2169 2195
2200 2221
2231 2239
2264 2268
2307 2318
2720 2744
2744 2767
2768 2790
2768 2801
2789 2818
2800 2825
2804 2828
2810 2829
2811 2832
2808 2833
2808 2839
2817 2844
2840 2867
2840 2870
2848 2885
2863 2898
2880 2904
2880 2909
2888 2917
2914 2919
2884 2920
2932 2942
2932 2961
2967 2979
2992 3007
3013 3026
2992 3031
3049 3063
3022 3064
3052 3101
3063 3107
3077 3120
3080 3126
3089 3138
3113 3159
3142 3160
3136 3191
3160 3197
3147 3202
3247 3263
3225 3296
3247 3342
3350 3381
3327 3385
3379 3418
3412 3448
3441 3472
3465 3493
3480 3510
3488 3516
3532 3539
3532 3559
3548 3579
3554 3582
3574 3604
3624 3630
3624 3648
3643 3672
3667 3689
3685 3708
3676 3713
3726 3739
3951 3958
3928 3959
3949 3975
3969 3987
3976 3998
3985 3998
3998 4007
3996 4026
4024 4027
4042 4043
4031 4048
4034 4061
4037 4061
4055 4061
4074 4081
4057 4093
4075 4093
4089 4096
4085 4112
4090 4115
4115 4121
1964 1986
1969 1986
1985 1986
1986 2000
2026 2031
2031 2043
2031 2052
2102 2109
2102 2124
2136 2147
2147 2156
2336 2381
2365 2381
2381 2420
2375 2426
2394 2433
2394 2435
2626 2656
2656 2657
2656 2682
2656 2689
2725 2747
2756 2775
2756 2780
2756 2793
3346 3390
3364 3390
3390 3395
3453 3483
3460 3483
3459 3490
3919 3977
2012 2031
2031 2041
2091 2102
2102 2119
2126 2147
2147 2168
2412 2426
2727 2747
3395 3413
3459 3491
3919 3924
3919 3983
2019 2031
2028 2031
2084 2102
2097 2102
2102 2108
2132 2147
2146 2147
2147 2165
2173 2182
2173 2196
2267 2289
2426 2452
2426 2457
2426 2465
2543 2585
2585 2586
2673 2682
2682 2690
2682 2703
2682 2706
2740 2747
2747 2753
2747 2769
2793 2845
3371 3395
3375 3395
3391 3395
3431 3433
3422 3459
3431 3459
3434 3459
3459 3468
3874 3919
3884 3919
3901 3919
3919 3945
1908 1930
1923 1930
1938 1948
2063 2081
2081 2092
2112 2113
2127 2129
2142 2149
2151 2157
2149 2163
2151 2179
2167 2184
2171 2197
2195 2211
2221 2226
2239 2250
2268 2271
2302 2307
2307 2347
2382 2386
2388 2470
2522 2526
2495 2552
2570 2596
2566 2611
2680 2692
2790 2809
2790 2824
2801 2837
2825 2843
2829 2854
2828 2855
2818 2856
2833 2860
2844 2872
2839 2874
2904 2928
2909 2939
2942 2955
2942 2972
3091 3107
3127 3142
3120 3164
3142 3176
3126 3178
3159 3213
3197 3244
3202 3287
3296 3333
3263 3352
3381 3394
3342 3396
3385 3426
3418 3450
3446 3454
3448 3477
3472 3498
3493 3521
3516 3543
3548 3557
3539 3564
3559 3587
3582 3610
3630 3640
3630 3660
3663 3668
3648 3680
3668 3692
3672 3699
3713 3719
3689 3721
3890 3897
3944 3958
3961 3985
3970 3985
3985 4001
4023 4027
4003 4034
4017 4034
4025 4034
4041 4055
4029 4057
4040 4057
2165 2173
2173 2192
2262 2289
2288 2289
2540 2585
2585 2614
2807 2845
2820 2845
3409 3431
2158 2173
2164 2173
2173 2176
2278 2289
2289 2297
2289 2309
2289 2313
2545 2562
2567 2585
2585 2601
2585 2615
2845 2850
2845 2878
2845 2894
2845 2903
3311 3313
3311 3336
3397 3431
3404 3431
1909 1923
1921 1923
1936 1938
1938 1945
2026 2038
2063 2073
2092 2094
2109 2112
2136 2142
2163 2177
2179 2183
2179 2205
2197 2217
2226 2234
2250 2255
2271 2277
2302 2304
2305 2327
2305 2345
2363 2409
2376 2425
2387 2443
2402 2474
2522 2525
2470 2544
2518 2566
2535 2566
2553 2589
2552 2591
2555 2602
2593 2602
2623 2645
2735 2757
2748 2784
2772 2799
2774 2803
2809 2836
2809 2849
2824 2861
2843 2864
2837 2876
2854 2879
2855 2881
2860 2889
2856 2891
2874 2902
3155 3176
3176 3206
3164 3233
3244 3279
3213 3314
3287 3372
3352 3405
3396 3435
3438 3446
3426 3462
3450 3484
3477 3504
3520 3523
3498 3530
3521 3552
3549 3557
3543 3576
3569 3584
3564 3597
3588 3603
3603 3616
3587 3620
3634 3638
3653 3663
3663 3686
3714 3719
3747 3753
3767 3783
3783 3812
3843 3851
3894 3897
3929 3944
3942 3970
3954 3970
3970 3991
3962 4003
3980 4003
3988 4003
4005 4025
3982 4029
4002 4029
4014 4040
2538 2562
2562 2567
3268 3311
3311 3330
2254 2272
2256 2272
2549 2562
2562 2572
2562 2579
2562 2590
3272 3311
3289 3311
3311 3312
3376 3388
3367 3392
3376 3397
1913 1921
1921 1922
1936 1937
1945 1950
2052 2056
2073 2076
2205 2209
2203 2216
2205 2222
2230 2236
2234 2240
2255 2257
2277 2281
2270 2284
2283 2300
2304 2306
2301 2322
2327 2348
2327 2359
2345 2383
2397 2429
2400 2446
2425 2472
2469 2477
2409 2487
2443 2499
2486 2518
2503 2535
2474 2543
2510 2553
2494 2555
2533 2555
2560 2593
2591 2621
2696 2713
2757 2781
2784 2806
2799 2831
2803 2835
2836 2873
2836 2882
2864 2886
2849 2893
2879 2896
2861 2901
2889 2906
2876 2908
2891 2916
2902 2923
3186 3206
3206 3232
3279 3300
3518 3523
3541 3549
3558 3569
3581 3588
3588 3609
3628 3634
3649 3653
3653 3682
3705 3714
3730 3747
3749 3767
3767 3780
3812 3823
3851 3856
3891 3894
3923 3954
3934 3954
3920 3962
3943 3962
3940 3982
3955 3982
3963 3982
3964 4000
3966 4000
3973 4000
3971 4002
3979 4014
2260 2272
2272 2276
3312 3326
3368 3376
3367 3380
3367 3383
3376 3383
2560 2564
2272 2282
2272 2296
2272 2298
2334 2361
2341 2361
2372 2389
2372 2421
2384 2421
2372 2422
2945 2974
2954 2974
2954 2989
2960 2989
3290 3312
3299 3312
3312 3316
3335 3367
3337 3367
3361 3367
3365 3367
3343 3376
3347 3376
1916 1922
1922 1927
1937 1941
1950 1955
1958 1969
1969 1974
1980 1985
1985 1994
2001 2012
2040 2041
2056 2058
2074 2076
2111 2119
2116 2126
2196 2208
2216 2223
2222 2225
2236 2243
2240 2247
2236 2252
2257 2263
2281 2286
2273 2287
2284 2299
2306 2310
2300 2321
2306 2335
2322 2343
2356 2365
2348 2369
2348 2378
2365 2390
2359 2392
2383 2419
2420 2439
2412 2448
2429 2455
2433 2460
2435 2461
2429 2464
2451 2486
2446 2490
2442 2494
2462 2494
2471 2494
2473 2503
2472 2511
2505 2533
2537 2560
2621 2640
2621 2641
2657 2661
2713 2724
2775 2792
2780 2812
2806 2838
2835 2859
2831 2866
2873 2905
2873 2910
2882 2915
2893 2924
2901 2930
2908 2933
2916 2935
3212 3232
3232 3254
3300 3313
3351 3364
3491 3492
3513 3518
3534 3541
3555 3558
3575 3581
3581 3601
3622 3628
3641 3649
3649 3674
3691 3705
3710 3730
3731 3749
3749 3761
3780 3793
3823 3827
3850 3856
3883 3920
3898 3920
3904 3920
3896 3940
3914 3940
3921 3940
3927 3955
3937 3964
3939 3964
3933 3971
3941 3973
2352 2361
2340 2372
2351 2372
2357 2372
2361 2374
2374 2384
2384 2430
2958 2974
2983 2989
2361 2380
2361 2385
2361 2391
2374 2401
2384 2427
2974 2980
2974 2998
2974 3006
2989 3008
2989 3011
3291 3299
3293 3299
3297 3299
3299 3304
3318 3358
3318 3363
1919 1927
1927 1934
1941 1946
1954 1958
1958 1966
1976 1980
1980 1988
1997 2001
2001 2013
2023 2028
2039 2040
2054 2058
2067 2074
2080 2084
2089 2097
2097 2098
2100 2111
2105 2116
2116 2121
2132 2134
2145 2146
2187 2192
2192 2204
2208 2218
2223 2235
2243 2254
2252 2261
2287 2303
2299 2323
2333 2335
2321 2344
2355 2356
2343 2368
2356 2379
2369 2398
2369 2404
2378 2410
2390 2414
2392 2432
2395 2442
2415 2442
2416 2442
2437 2451
2419 2454
2444 2471
2448 2476
2448 2478
2460 2479
2457 2480
2455 2481
2457 2483
2452 2485
2455 2488
2465 2489
2464 2504
2475 2505
2467 2508
2475 2508
2490 2521
2614 2634
2641 2651
2661 2670
2673 2681
2690 2693
2690 2704
2703 2719
2703 2721
2724 2738
2740 2751
2753 2765
2769 2777
2792 2797
2792 2821
2812 2858
2838 2877
2859 2895
2905 2929
2905 2936
2910 2940
2915 2943
2924 2947
2930 2948
2933 2949
3231 3254
3339 3351
3351 3359
3360 3375
3373 3375
3403 3422
3414 3434
3434 3444
3467 3468
3489 3492
3505 3513
3527 3534
3545 3555
3565 3575
3575 3595
3614 3622
3635 3641
3641 3662
3678 3691
3696 3710
3712 3731
3731 3748
3761 3772
3793 3801
3822 3827
3842 3850
3834 3874
3858 3874
3853 3896
3873 3896
3879 3896
3861 3898
3875 3901
3901 3913
3889 3914
3900 3927
3908 3933
3911 3937
3916 3937
3318 3329
3318 3331
2467 2482
2401 2406
2401 2417
2401 2424
3295 3297
3295 3308
3260 3318
3277 3318
3280 3318
1924 1934
1934 1940
1949 1954
1954 1960
1972 1976
1976 1984
1993 1997
1997 2009
2021 2023
2035 2039
2048 2054
2064 2067
2078 2080
2085 2089
2088 2100
2096 2105
2105 2110
2121 2125
2134 2138
2145 2152
2160 2164
2164 2170
2181 2187
2187 2198
2204 2214
2218 2229
2235 2246
2278 2293
2297 2315
2297 2320
2303 2326
2309 2334
2323 2346
2331 2355
2338 2355
2355 2364
2344 2367
2368 2393
2362 2395
2373 2395
2377 2395
2379 2399
2456 2467
2480 2491
2479 2492
2479 2493
2480 2496
2476 2497
2476 2498
2489 2500
2485 2501
2481 2502
2488 2514
2504 2530
2601 2607
2601 2620
2615 2635
2634 2649
2651 2663
2670 2671
2681 2683
2693 2698
2693 2708
2704 2718
2719 2733
2719 2736
2738 2749
2751 2763
2765 2782
2796 2797
2797 2823
2821 2853
2850 2892
2858 2900
2877 2912
2878 2922
2894 2926
2894 2931
2903 2941
2929 2945
2940 2959
2943 2962
2948 2964
2947 2965
3248 3268
3332 3339
3339 3344
3349 3360
3356 3360
3384 3403
3389 3414
3414 3416
3443 3444
3463 3467
3482 3489
3500 3505
3519 3527
3540 3545
3556 3565
3565 3585
3605 3614
3623 3635
3635 3651
3671 3678
3687 3696
3703 3712
3712 3733
3748 3762
3772 3790
3809 3822
3797 3834
3820 3834
3818 3853
3831 3853
3838 3853
3837 3858
3847 3873
3848 3875
3875 3887
3866 3889
3876 3900
3888 3908
3893 3911
3284 3295
3294 3295
3018 3041
3021 3041
3017 3046
3023 3046
3267 3295
3271 3295
2456 2466
3033 3041
3039 3041
3035 3046
3039 3046
1935 1940
1942 1949
1949 1956
1967 1972
1972 1983
1992 1993
1993 2005
2020 2021
2032 2035
2044 2048
2061 2064
2077 2078
2079 2088
2083 2096
2096 2099
2110 2115
2125 2130
2138 2144
2150 2160
2160 2166
2293 2311
2319 2331
2315 2332
2330 2338
2338 2353
2342 2362
2354 2362
2346 2370
2367 2396
2450 2456
2492 2506
2491 2507
2491 2509
2496 2512
2500 2513
2492 2515
2498 2516
2498 2517
2502 2524
2514 2542
2530 2557
2572 2575
2572 2584
2579 2597
2607 2612
2607 2624
2620 2636
2635 2648
2649 2662
2671 2674
2683 2687
2698 2699
2698 2709
2708 2717
2718 2729
2733 2745
2733 2746
2749 2761
2763 2778
2795 2796
2796 2819
2823 2851
2853 2887
2892 2921
2900 2934
2926 2951
2922 2953
2926 2956
2931 2963
2941 2968
2965 2977
2962 2981
2959 2982
3257 3272
3262 3272
3269 3289
3319 3332
3332 3334
3338 3349
3341 3356
3358 3380
3370 3389
3389 3398
3416 3421
3442 3443
3458 3463
3478 3482
3497 3500
3512 3519
3531 3540
3547 3556
3556 3572
3593 3605
3612 3623
3623 3639
3654 3671
3673 3687
3688 3703
3703 3723
3733 3751
3762 3776
3766 3797
3781 3797
3799 3820
3795 3831
3811 3831
3817 3837
3829 3847
3832 3848
3848 3865
3840 3866
3849 3876
3041 3058
3041 3059
3046 3061
3046 3066
3041 3069
3046 3072
2298 2308
1953 1956
1962 1967
1967 1979
1990 1992
1992 2003
2016 2020
2030 2032
2044 2045
2061 2062
2066 2079
2072 2083
2083 2086
2099 2106
2115 2122
2130 2135
2296 2314
2311 2328
2370 2405
2430 2445
2445 2458
2506 2519
2507 2520
2509 2523
2512 2527
2516 2528
2513 2529
2515 2531
2524 2550
2542 2561
2575 2576
2575 2587
2584 2600
2612 2613
2612 2625
2624 2639
2636 2650
2648 2664
2674 2677
2687 2688
2697 2699
2699 2707
2709 2715
2717 2728
2729 2742
2745 2755
2745 2759
2761 2773
2791 2795
2795 2815
2819 2842
2851 2883
2887 2913
2921 2944
2951 2969
2953 2975
2951 2976
2956 2987
2963 2993
2981 2996
2968 2997
2981 3000
2982 3003
3275 3290
3319 3322
3309 3335
3310 3335
3328 3335
3298 3337
3324 3338
3323 3341
3320 3343
3321 3347
3563 3572
3583 3593
3599 3612
3612 3626
3642 3654
3658 3673
3675 3688
3688 3704
3723 3738
3756 3766
3768 3781
3785 3799
3777 3811
3792 3811
3802 3817
3806 3829
3824 3832
2445 2453
1977 1979
1989 1990
1990 2002
2015 2016
2030 2033
2045 2047
2053 2066
2385 2408
2380 2413
2391 2428
2427 2438
2519 2534
2520 2541
2523 2546
2527 2547
2529 2548
2531 2551
2550 2565
2576 2578
2576 2592
2587 2603
2613 2616
2613 2628
2625 2642
2639 2652
2650 2665
2677 2679
2686 2688
2759 2771
2975 3004
2976 3005
2976 3010
3000 3012
2987 3014
3000 3016
2998 3017
3003 3019
3008 3024
3006 3025
3251 3298
3261 3298
3307 3308
3266 3309
3270 3309
3302 3309
3301 3320
3303 3320
3305 3323
3615 3626
3631 3642
3646 3658
3666 3675
3675 3690
3704 3724
3742 3756
3757 3768
3769 3785
3764 3792
3771 3792
3787 3802
3105 3129
3157 3182
3157 3183
2438 2447
3111 3129
3118 3129
3157 3158
3157 3161
1999 2002
2015 2017
2033 2034
2406 2423
2417 2434
2408 2436
2534 2554
2541 2556
2546 2558
2547 2559
2551 2568
2578 2580
2578 2594
2592 2606
2616 2617
2616 2630
2628 2643
2642 2653
2652 2667
2678 2679
3010 3027
3016 3028
3010 3030
3016 3032
3019 3034
3024 3036
3222 3251
3228 3251
3237 3251
3224 3260
3240 3260
3236 3261
3242 3266
3246 3270
3270 3273
3264 3294
3292 3294
3282 3301
3288 3303
3679 3690
3690 3707
3725 3742
3744 3757
3759 3769
3750 3771
3129 3131
3129 3144
3129 3149
3129 3151
3125 3157
3133 3157
3134 3157
3175 3185
3175 3196
3175 3207
3200 3216
3200 3219
3200 3223
2423 2440
3149 3175
3175 3193
3193 3200
3200 3204
2554 2569
2556 2571
2558 2573
2580 2582
2580 2595
2594 2608
2617 2618
2617 2631
2630 2644
2643 2654
2653 2666
3032 3043
3030 3050
3032 3051
3030 3053
3034 3054
3035 3055
3201 3222
3203 3222
3217 3222
3208 3228
3214 3236
3220 3242
3227 3246
3246 3249
3245 3264
3250 3264
3259 3264
3256 3267
3255 3282
3695 3707
3711 3725
3732 3744
3130 3148
3131 3148
3170 3175
3181 3200
3187 3200
3211 3217
3141 3148
3148 3152
3148 3167
2571 2583
2582 2598
2595 2609
3051 3062
3051 3070
3053 3073
3054 3074
3055 3075
3053 3076
3058 3081
3059 3082
3066 3093
3061 3094
3069 3098
3072 3105
3182 3201
3179 3203
3203 3205
3189 3208
3194 3214
3209 3220
3215 3227
3227 3235
3226 3245
3234 3245
3241 3245
3243 3250
3243 3253
3179 3188
3238 3243
3070 3079
3070 3096
3074 3099
3076 3100
3081 3102
3076 3103
3075 3108
3082 3110
3098 3112
3163 3179
3169 3189
3215 3221
3281 3291
3096 3104
3096 3114
3102 3115
3103 3117
3103 3123
3110 3128
3143 3158
3114 3122
3123 3137
3123 3139
3187 3190
3139 3153
3139 3154
3171 3187
3154 3173
3122 3143
3732 3750
1796 1818
1482 1500
1271 1287
3171 3173
3695 3711
1477 1485
3576 3597
1025 1043
3372 3405
3838 3861
3497 3512
3904 3934
3221 3226
2263 2286
1394 1421
835 846
3959 3975
948 987
1935 1942
1533 1552
711 753
1091 1098
1093 1111
1408 1426
2666 2678
3288 3305
444 452
1485 1497
464 474
2583 2598
1742 1760
525 535
387 398
2053 2072
3620 3640
883 896
686 699
366 376
3305 3307
529 535
2771 2773
3631 3646
2569 2582
1043 1058
3307 3322
2771 2791
1728 1748
376 387
531 539
2662 2663
799 836
3615 3631
2047 2053
1865 1872
1426 1448
2034 2053
3099 3114
1854 1872
3864 3932
4205 4228
822 835
2967 3013
1251 1278
1720 1739
1368 1384
4191 4199
3573 3579
3099 3108
2229 2246
1465 1482
2565 2578
3606 3618
810 822
1832 1852
2047 2062
2247 2263
2062 2066
1022 1057
1346 1368
846 862
1336 1369
1712 1732
1977 1989
1094 1128
1091 1120
1198 1219
1421 1451
2569 2571
2565 2568
2928 2955
3512 3531
248 271
271 273
4134 4140
2730 2732
2225 2247
1306 1336
2396 2405
2062 2077
642 652
987 1022
1327 1346
1058 1077
3646 3666
3552 3576
1606 1624
1760 1777
1706 1726
398 411
640 655
3036 3054
3888 3893
645 652
2342 2353
2773 2791
1009 1025
1607 1629
3583 3599
1746 1766
22 31
1361 1400
1854 1865
2393 2398
790 805
215 234
2658 2732
3530 3552
804 844
2034 2047
2609 2618
993 1009
1057 1094
1235 1253
3563 3583
525 529
3739 3758
1721 1746
1303 1327
3503 3532
1702 1725
1128 1162
1780 1803
799 814
2778 2795
529 531
2972 3007
2912 2934
2399 2437
915 948
2678 2686
934 944
2333 2355
1940 1946
3721 3739
203 215
1163 1181
2029 2070
920 934
3413 3438
681 711
2935 2949
2017 2034
411 419
648 681
3180 3247
1999 2017
610 648
1253 1271
1012 1027
1361 1396
2405 2413
3789 3804
1730 1756
1552 1569
2217 2234
1147 1163
2899 2920
3925 3926
248 273
3504 3530
1219 1235
3708 3739
1835 1854
787 797
753 804
3531 3547
881 915
844 881
303 320
1288 1317
309 321
1881 1896
3478 3497
2899 2932
599 611
3510 3516
3535 3573
2521 2549
3231 3248
84 115
1301 1406
2985 2986
4076 4091
2986 3097
3930 3953
3905 3915
3331 3370
2124 2127
3235 3255
2548 2559
1514 1533
2314 2328
1485 1494
3233 3314
215 228
1728 1736
2773 2778
3918 3936
787 790
2964 2977
642 645
321 327
1720 1728
2949 2964
1702 1706
1706 1712
790 800
1696 1702
518 525
2977 2996
1712 1720
2663 2671
3758 3774
1103 1113
2511 2538
3087 3097
4011 4028
3804 3892
4160 4181
3128 3141
3115 3130
3363 3384
2246 2260
3941 3979
1496 1514
3701 3726
2886 2896
492 499
3322 3324
1129 1147
3895 3918
2211 2226
2528 2548
944 963
509 518
699 712
3194 3209
474 483
633 642
300 309
1947 2004
2286 2310
905 920
1818 1835
2913 2944
1971 2004
1920 2004
1953 1962
862 872
2862 2911
1589 1607
2454 2478
587 599
287 299
3484 3504
815 818
2499 2545
1715 1773
1012 1032
73 91
815 837
2332 2357
3112 3130
2217 2222
3849 3888
1050 1076
4037 4062
2686 2697
2559 2573
2573 2583
2415 2437
287 303
2393 2396
327 335
2511 2521
340 350
2135 2150
1499 1504
2895 2912
3809 3842
3776 3809
3732 3759
2923 2935
3399 3411
2211 2217
3759 3787
3211 3224
3787 3824
405 409
259 262
640 643
402 454
1311 1318
2046 2070
4099 4127
3924 3929
4123 4138
3485 3506
290 294
